2839,
8,
952,
345,
598,
26,
49,
54912,
16005,
33019,
13,
2,
2,
0,
330,
43303,
1,
825,
67,
4819,
58812,
164,
3392,
2912,
7774,
10002,
261,
20248,
2,
0,
51040,
2567,
2357,
2,
124,
0,
0,
32,
28,
12699,
47022,
13682,
712,
4,
6,
11998,
0,
1807,
4546,
2293,
6,
5215,
34631,
0,
55,
11901,
5398,
60729,
16754,
3,
42099,
2626,
1518,
6687,
96,
122,
11768,
195,
59655,
45789,
34,
0,
0,
0,
158,
47243,
57721,
4345,
194,
10,
20,
11160,
0,
0,
34,
1,
11427,
0,
19,
276,
25415,
13,
15112,
690,
22570,
0,
1062,
184,
206,
243,
-2839,
-8,
-952,
-345,
-598,
-26,
-49,
-54912,
-16005,
-33019,
-13,
-2,
-2,
0,
-330,
-43303,
-1,
-825,
-67,
-4819,
-58812,
-164,
-3392,
-2912,
-7774,
-10002,
-261,
-20248,
-2,
0,
-51040,
-2567,
-2357,
-2,
-124,
0,
0,
-32,
-28,
-12699,
-47022,
-13682,
-712,
-4,
-6,
-11998,
0,
-1807,
-4546,
-2293,
-6,
-5215,
-34631,
0,
-55,
-11901,
-5398,
-60729,
-16754,
-3,
-42099,
-2626,
-1518,
-6687,
-96,
-122,
-11768,
-195,
-59655,
-45789,
-34,
0,
0,
0,
-158,
-47243,
-57721,
-4345,
-194,
-10,
-20,
-11160,
0,
0,
-34,
-1,
-11427,
0,
-19,
-276,
-25415,
-13,
-15112,
-690,
-22570,
0,
-1062,
-184,
-206,
-243,
