48,
1,
27,
15,
21,
3,
5,
233,
121,
178,
2,
0,
0,
0,
15,
205,
0,
25,
6,
64,
241,
10,
53,
49,
83,
95,
13,
137,
0,
0,
224,
46,
44,
0,
9,
0,
0,
4,
3,
107,
214,
112,
23,
1,
1,
104,
0,
38,
62,
43,
1,
67,
183,
0,
5,
104,
68,
245,
124,
1,
202,
46,
35,
76,
7,
9,
103,
11,
243,
211,
4,
0,
0,
0,
10,
215,
239,
61,
11,
2,
3,
100,
0,
0,
4,
0,
102,
0,
3,
14,
155,
2,
118,
23,
146,
0,
28,
11,
12,
13,
4,
9,
41,
3,
0,
40,
53,
22,
1,
5,
148,
1,
0,
2,
132,
2,
7,
37,
6,
4,
33,
51,
133,
19,
12,
3,
14,
217,
23,
0,
37,
26,
83,
52,
26,
3,
55,
1,
0,
43,
169,
3,
13,
1,
0,
36,
5,
20,
177,
14,
1,
3,
2,
50,
0,
2,
1,
2,
57,
0,
0,
132,
14,
0,
14,
0,
1,
125,
4,
234,
18,
22,
2,
12,
182,
1,
147,
0,
2,
33,
2,
0,
1,
0,
22,
47,
3,
25,
0,
9,
0,
43,
7,
84,
22,
33,
8,
4,
2,
53,
1,
0,
157,
37,
153,
0,
1,
18,
206,
3,
0,
0,
84,
33,
7,
10,
89,
14,
19,
21,
5,
0,
37,
43,
0,
11,
38,
75,
46,
4,
0,
4,
13,
195,
38,
0,
11,
139,
1,
4,
39,
0,
2,
9,
6,
1,
2,
18,
1,
4,
1,
14,
4,
3,
94,
33,
0,
172,
119,
103,
5,
5,
13,
0,
0,
69,
2,
46,
6,
2,
2,
0,
0,
3,
94,
98,
2,
24,
10,
6,
104,
84,
0,
2,
95,
7,
52,
119,
2,
230,
89,
62,
4,
0,
2,
2,
0,
2,
1,
0,
69,
203,
1,
157,
0,
216,
6,
12,
0,
0,
103,
2,
1,
0,
80,
3,
14,
12,
15,
4,
0,
1,
5,
150,
17,
118,
30,
11,
6,
33,
0,
1,
52,
164,
5,
5,
0,
0,
13,
168,
0,
3,
19,
4,
0,
63,
0,
13,
5,
33,
23,
1,
5,
248,
2,
0,
7,
20,
0,
122,
11,
14,
40,
20,
173,
5,
0,
1,
6,
29,
43,
179,
187,
24,
46,
0,
0,
0,
176,
55,
1,
195,
0,
1,
26,
67,
4,
0,
19,
91,
33,
6,
6,
18,
1,
157,
2,
90,
0,
62,
15,
13,
20,
2,
22,
0,
105,
82,
2,
7,
51,
200,
10,
47,
7,
6,
1,
52,
37,
0,
57,
8,
216,
3,
1,
92,
34,
23,
0,
22,
92,
2,
2,
16,
5,
1,
221,
5,
0,
0,
1,
5,
0,
9,
46,
0,
213,
13,
13,
16,
2,
7,
0,
54,
0,
39,
1,
0,
207,
10,
107,
8,
3,
38,
0,
3,
12,
19,
19,
0,
1,
20,
227,
2,
102,
11,
19,
0,
20,
220,
1,
11,
37,
214,
2,
79,
3,
6,
1,
2,
31,
4,
23,
8,
18,
3,
9,
4,
23,
0,
0,
149,
1,
74,
39,
108,
0,
181,
30,
124,
22,
21,
148,
75,
5,
2,
51,
0,
0,
1,
6,
123,
0,
184,
136,
3,
4,
9,
0,
47,
31,
11,
96,
95,
0,
90,
1,
16,
2,
7,
3,
0,
6,
6,
5,
1,
67,
1,
1,
12,
1,
213,
7,
14,
93,
0,
0,
21,
0,
6,
6,
13,
6,
53,
12,
65,
8,
0,
4,
10,
99,
15,
118,
23,
21,
42,
3,
29,
119,
56,
0,
0,
3,
18,
5,
43,
0,
0,
80,
20,
23,
9,
3,
0,
0,
15,
117,
180,
1,
0,
1,
0,
149,
8,
141,
52,
0,
2,
0,
50,
0,
3,
49,
61,
4,
18,
6,
3,
99,
3,
0,
0,
5,
22,
6,
48,
2,
96,
20,
3,
27,
1,
24,
238,
1,
18,
168,
0,
67,
0,
238,
27,
2,
48,
3,
67,
156,
6,
8,
11,
49,
3,
1,
22,
3,
0,
209,
203,
2,
1,
0,
4,
5,
1,
3,
44,
11,
44,
3,
0,
2,
0,
51,
143,
0,
0,
38,
21,
26,
58,
1,
175,
18,
37,
1,
115,
0,
0,
153,
9,
0,
6,
7,
0,
1,
40,
74,
2,
72,
2,
3,
186,
193,
1,
0,
1,
11,
39,
31,
251,
9,
1,
1,
0,
156,
60,
3,
5,
4,
14,
0,
6,
146,
60,
206,
0,
5,
32,
41,
21,
4,
84,
20,
7,
0,
19,
32,
16,
14,
38,
3,
7,
0,
0,
39,
144,
168,
0,
0,
6,
78,
0,
125,
17,
0,
216,
15,
5,
174,
45,
11,
0,
13,
109,
48,
0,
26,
4,
1,
4,
8,
145,
89,
36,
0,
5,
107,
44,
11,
4,
205,
0,
0,
15,
107,
71,
68,
59,
19,
45,
16,
1,
2,
0,
0,
119,
1,
32,
44,
4,
154,
2,
0,
1,
3,
27,
4,
65,
0,
4,
26,
28,
1,
0,
50,
42,
199,
43,
61,
19,
0,
122,
9,
87,
79,
13,
34,
20,
5,
0,
114,
0,
3,
182,
176,
5,
0,
10,
134,
9,
4,
17,
0,
48,
1,
94,
0,
30,
45,
36,
6,
20,
30,
69,
34,
1,
0,
0,
14,
13,
0,
234,
1,
2,
72,
231,
131,
1,
2,
250,
0,
12,
0,
26,
224,
76,
0,
110,
114,
25,
79,
245,
0,
91,
66,
0,
5,
0,
28,
3,
15,
54,
2,
8,
0,
0,
2,
7,
5,
191,
177,
1,
5,
110,
71,
2,
11,
4,
5,
62,
85,
26,
97,
3,
132,
54,
165,
13,
62,
11,
35,
6,
6,
193,
10,
95,
5,
4,
0,
3,
0,
28,
49,
2,
0,
42,
0,
82,
28,
3,
0,
39,
14,
5,
5,
6,
82,
117,
218,
25,
118,
1,
221,
54,
1,
40,
10,
0,
9,
2,
0,
4,
19,
2,
34,
12,
33,
0,
44,
12,
1,
12,
14,
254,
30,
7,
3,
0,
37,
83,
8,
2,
112,
11,
3,
91,
0,
212,
5,
4,
12,
82,
2,
1,
107,
25,
40,
74,
20,
164,
10,
2,
7,
2,
68,
0,
2,
56,
2,
7,
9,
9,
0,
6,
10,
2,
0,
155,
8,
166,
5,
12,
15,
13,
0,
61,
22,
86,
4,
1,
7,
96,
3,
7,
6,
5,
12,
182,
8,
1,
8,
1,
5,
11,
103,
216,
57,
1,
2,
0,
34,
234,
15,
186,
0,
0,
136,
20,
7,
60,
73,
116,
8,
89,
0,
0,
0,
1,
7,
130,
7,
74,
66,
10,
3,
0,
15,
16,
188,
1,
0,
5,
2,
0,
0,
6,
1,
1,
8,
152,
6,
0,
96,
0,
58,
53,
41,
2,
3,
0,
8,
141,
8,
8,
0,
158,
14,
33,
22,
111,
74,
2,
0,
17,
0,
0,
5,
41,
29,
33,
130,
26,
202,
0,
18,
6,
18,
1,
0,
57,
1,
179,
2,
1,
2,
75,
10,
17,
14,
28,
8,
0,
192,
6,
82,
27,
120,
99,
3,
71,
39,
192,
0,
30,
67,
2,
189,
168,
131,
40,
3,
111,
21,
8,
181,
18,
190,
51,
30,
14,
3,
4,
3,
93,
39,
208,
38,
0,
69,
0,
7,
0,
19,
37,
39,
10,
2,
184,
67,
7,
2,
253,
160,
24,
11,
117,
1,
24,
11,
4,
3,
33,
84,
0,
5,
49,
148,
0,
3,
39,
11,
3,
7,
85,
38,
11,
2,
0,
237,
82,
155,
105,
230,
54,
0,
1,
6,
20,
3,
22,
1,
0,
172,
10,
9,
74,
0,
0,
2,
2,
1,
105,
34,
1,
11,
1,
90,
4,
32,
50,
16,
3,
36,
20,
1,
4,
178,
5,
5,
78,
0,
2,
0,
3,
204,
5,
2,
53,
11,
236,
56,
106,
1,
17,
0,
35,
174,
1,
42,
0,
56,
87,
26,
155,
21,
0,
141,
0,
27,
67,
0,
5,
212,
0,
0,
121,
105,
0,
170,
13,
14,
8,
2,
89,
24,
85,
9,
0,
0,
91,
52,
1,
3,
198,
2,
24,
2,
40,
1,
32,
245,
33,
0,
0,
92,
22,
190,
0,
246,
9,
1,
0,
37,
0,
43,
9,
145,
84,
70,
7,
1,
79,
0,
1,
0,
0,
7,
134,
53,
95,
0,
5,
120,
12,
49,
85,
22,
0,
0,
56,
0,
1,
43,
2,
10,
3,
0,
0,
6,
8,
1,
4,
4,
3,
77,
4,
17,
1,
87,
58,
37,
2,
134,
14,
31,
18,
49,
14,
0,
70,
1,
0,
3,
1,
64,
127,
0,
1,
0,
1,
50,
0,
13,
4,
22,
0,
24,
69,
0,
6,
193,
0,
3,
86,
189,
1,
183,
101,
6,
142,
14,
7,
89,
88,
136,
1,
28,
1,
133,
49,
29,
3,
45,
31,
1,
0,
0,
24,
8,
0,
0,
31,
6,
2,
2,
0,
15,
115,
14,
0,
0,
25,
169,
3,
1,
13,
4,
1,
140,
2,
0,
1,
0,
0,
8,
47,
174,
16,
99,
56,
20,
1,
14,
0,
8,
188,
57,
47,
5,
52,
32,
17,
17,
54,
208,
26,
105,
25,
1,
4,
1,
32,
2,
1,
0,
11,
35,
1,
12,
79,
159,
13,
114,
1,
32,
195,
67,
1,
0,
29,
176,
146,
10,
0,
1,
5,
38,
10,
0,
133,
5,
18,
254,
98,
88,
1,
5,
0,
5,
0,
24,
13,
1,
0,
2,
3,
1,
221,
24,
0,
1,
59,
122,
3,
72,
1,
180,
18,
2,
0,
37,
0,
0,
22,
0,
10,
0,
0,
9,
10,
32,
3,
1,
0,
76,
4,
37,
0,
0,
144,
0,
7,
0,
55,
0,
1,
225,
58,
14,
10,
131,
220,
125,
0,
48,
128,
55,
2,
14,
56,
3,
1,
67,
2,
65,
0,
146,
163,
130,
5,
45,
4,
4,
177,
243,
1,
14,
53,
2,
22,
5,
60,
1,
0,
5,
109,
5,
11,
8,
107,
19,
6,
121,
0,
18,
0,
16,
10,
4,
8,
111,
15,
0,
183,
2,
1,
1,
0,
137,
69,
2,
22,
2,
2,
33,
4,
71,
75,
1,
4,
148,
0,
15,
88,
3,
78,
0,
17,
0,
23,
1,
9,
3,
1,
79,
9,
19,
25,
16,
192,
133,
0,
23,
9,
17,
108,
4,
126,
4,
70,
0,
24,
1,
6,
71,
64,
107,
44,
0,
0,
7,
1,
27,
31,
6,
95,
116,
33,
33,
44,
0,
10,
1,
193,
123,
112,
10,
46,
0,
19,
40,
114,
0,
10,
0,
51,
53,
0,
49,
34,
228,
0,
1,
58,
204,
10,
118,
0,
66,
157,
0,
0,
0,
204,
35,
0,
245,
103,
77,
25,
2,
31,
0,
11,
5,
0,
150,
2,
1,
20,
4,
1,
0,
0,
20,
56,
1,
147,
1,
141,
0,
5,
204,
42,
1,
213,
6,
15,
18,
10,
39,
28,
0,
24,
0,
205,
130,
35,
6,
47,
108,
2,
63,
3,
1,
0,
216,
64,
20,
12,
0,
0,
35,
3,
126,
62,
17,
130,
16,
68,
43,
50,
92,
0,
80,
6,
4,
0,
0,
0,
125,
200,
2,
1,
8,
208,
70,
0,
49,
5,
12,
49,
34,
1,
7,
21,
5,
61,
25,
73,
0,
96,
159,
21,
65,
14,
23,
126,
21,
2,
0,
29,
21,
12,
38,
1,
0,
2,
5,
46,
211,
5,
24,
8,
55,
35,
22,
40,
100,
0,
1,
17,
194,
18,
5,
13,
19,
8,
4,
5,
0,
8,
185,
27,
17,
30,
34,
17,
1,
19,
158,
6,
1,
10,
1,
74,
64,
155,
43,
23,
4,
2,
0,
1,
1,
27,
7,
0,
33,
36,
43,
80,
1,
40,
181,
0,
5,
23,
6,
140,
145,
0,
3,
8,
1,
141,
80,
0,
0,
0,
0,
1,
27,
0,
32,
13,
76,
20,
2,
20,
190,
5,
0,
24,
0,
146,
52,
21,
12,
0,
38,
34,
3,
22,
3,
93,
25,
13,
1,
7,
17,
60,
8,
250,
6,
3,
83,
155,
5,
2,
149,
84,
1,
1,
57,
5,
36,
38,
1,
89,
18,
24,
121,
2,
1,
7,
16,
21,
0,
0,
12,
66,
0,
0,
151,
20,
153,
51,
2,
16,
4,
7,
10,
79,
22,
57,
25,
6,
10,
19,
61,
47,
0,
3,
3,
1,
0,
32,
216,
3,
0,
0,
5,
1,
0,
1,
11,
0,
69,
186,
92,
34,
0,
26,
29,
77,
70,
0,
3,
35,
5,
9,
149,
0,
28,
1,
92,
18,
0,
119,
5,
118,
0,
27,
152,
20,
0,
8,
2,
12,
0,
79,
3,
1,
146,
3,
4,
0,
57,
110,
22,
213,
0,
3,
0,
185,
12,
6,
25,
150,
0,
10,
5,
10,
6,
35,
4,
2,
1,
11,
1,
94,
5,
0,
5,
54,
3,
1,
67,
0,
4,
1,
13,
4,
1,
229,
5,
2,
29,
2,
2,
0,
2,
1,
4,
169,
4,
7,
3,
2,
12,
3,
1,
5,
83,
1,
18,
7,
37,
0,
27,
119,
159,
5,
20,
90,
0,
23,
9,
184,
0,
106,
0,
4,
120,
131,
97,
0,
4,
2,
0,
1,
2,
12,
54,
37,
6,
10,
0,
11,
1,
0,
16,
28,
0,
2,
4,
1,
2,
141,
17,
149,
173,
65,
35,
4,
166,
5,
2,
124,
0,
4,
9,
10,
143,
79,
3,
56,
4,
3,
1,
108,
13,
0,
121,
52,
49,
7,
0,
9,
30,
107,
6,
37,
15,
128,
66,
2,
105,
132,
35,
91,
0,
77,
1,
4,
95,
219,
7,
58,
2,
152,
3,
133,
100,
1,
21,
53,
117,
0,
115,
84,
36,
46,
4,
0,
190,
145,
3,
1,
8,
8,
85,
85,
72,
115,
56,
17,
3,
73,
106,
80,
51,
0,
1,
24,
37,
6,
22,
111,
41,
17,
86,
58,
154,
1,
29,
188,
15,
7,
44,
0,
0,
32,
19,
4,
4,
12,
0,
2,
56,
7,
149,
0,
1,
0,
5,
0,
5,
176,
1,
20,
60,
1,
19,
66,
3,
54,
112,
76,
0,
0,
11,
34,
2,
44,
16,
4,
186,
1,
17,
96,
3,
232,
1,
247,
164,
21,
105,
38,
31,
0,
34,
18,
0,
111,
0,
21,
146,
14,
97,
108,
10,
0,
0,
31,
0,
22,
115,
2,
37,
118,
0,
7,
26,
2,
12,
0,
2,
38,
213,
30,
7,
9,
14,
71,
0,
6,
32,
16,
33,
0,
25,
184,
0,
0,
150,
0,
19,
36,
3,
1,
2,
3,
14,
2,
80,
173,
222,
9,
8,
182,
50,
11,
144,
21,
12,
139,
2,
144,
0,
3,
38,
74,
67,
6,
4,
14,
26,
11,
13,
4,
56,
12,
37,
25,
0,
45,
60,
50,
11,
2,
0,
12,
1,
57,
205,
70,
0,
150,
56,
6,
1,
93,
17,
158,
204,
4,
13,
58,
90,
2,
1,
0,
16,
20,
1,
0,
96,
0,
39,
0,
5,
39,
1,
8,
0,
8,
34,
2,
6,
0,
3,
91,
146,
5,
0,
40,
31,
0,
6,
91,
59,
16,
189,
103,
27,
82,
25,
99,
23,
148,
130,
242,
4,
46,
0,
4,
0,
0,
1,
29,
150,
0,
11,
0,
35,
0,
229,
0,
2,
24,
0,
12,
8,
0,
1,
0,
8,
129,
57,
140,
8,
130,
47,
122,
15,
155,
2,
0,
4,
6,
60,
3,
100,
0,
0,
4,
1,
38,
4,
155,
3,
0,
0,
0,
241,
30,
61,
3,
6,
3,
1,
171,
2,
1,
201,
0,
0,
12,
8,
0,
47,
7,
1,
23,
30,
0,
0,
1,
133,
1,
72,
10,
1,
10,
0,
206,
0,
1,
0,
0,
5,
0,
2,
7,
8,
107,
2,
19,
27,
49,
39,
12,
152,
3,
3,
39,
34,
1,
0,
107,
3,
3,
1,
0,
29,
4,
20,
9,
0,
0,
122,
3,
32,
0,
3,
34,
46,
87,
176,
2,
7,
4,
32,
102,
32,
41,
97,
0,
1,
109,
1,
122,
20,
69,
19,
0,
0,
9,
2,
1,
60,
3,
45,
98,
0,
12,
1,
225,
2,
40,
0,
14,
3,
22,
1,
143,
119,
26,
15,
1,
11,
10,
51,
2,
5,
226,
3,
112,
36,
40,
179,
30,
31,
75,
11,
82,
0,
10,
251,
2,
1,
8,
17,
6,
2,
0,
0,
62,
0,
182,
10,
5,
26,
160,
11,
3,
17,
173,
6,
31,
0,
4,
5,
25,
144,
139,
2,
6,
97,
193,
227,
78,
0,
8,
0,
0,
221,
5,
230,
1,
0,
151,
26,
43,
127,
5,
8,
3,
123,
10,
3,
126,
0,
9,
12,
14,
105,
30,
159,
0,
25,
0,
181,
3,
85,
89,
0,
48,
72,
2,
1,
2,
0,
0,
53,
41,
109,
20,
2,
158,
247,
28,
25,
1,
18,
37,
69,
1,
1,
28,
0,
6,
0,
20,
26,
0,
129,
192,
0,
22,
161,
135,
26,
0,
31,
4,
5,
68,
41,
1,
249,
4,
55,
4,
6,
115,
0,
0,
173,
116,
1,
1,
3,
0,
106,
157,
11,
162,
28,
2,
4,
4,
78,
20,
0,
174,
1,
7,
4,
1,
18,
2,
51,
2,
36,
4,
16,
74,
4,
6,
115,
3,
15,
0,
63,
102,
15,
4,
44,
1,
218,
4,
73,
17,
69,
5,
49,
74,
96,
3,
0,
0,
4,
16,
228,
13,
55,
4,
3,
24,
13,
17,
106,
8,
47,
34,
19,
223,
1,
128,
4,
39,
1,
1,
210,
18,
0,
8,
2,
33,
1,
1,
89,
220,
37,
0,
98,
3,
5,
11,
6,
7,
176,
2,
199,
128,
11,
78,
0,
1,
0,
9,
0,
2,
0,
55,
4,
15,
49,
0,
48,
18,
39,
64,
3,
2,
0,
1,
49,
36,
39,
228,
172,
0,
0,
0,
43,
0,
0,
2,
155,
9,
2,
21,
5,
52,
17,
37,
32,
62,
7,
22,
16,
23,
117,
1,
5,
1,
21,
6,
1,
0,
0,
0,
214,
6,
131,
8,
0,
3,
8,
22,
13,
18,
90,
0,
4,
15,
116,
14,
1,
2,
57,
77,
39,
3,
1,
0,
15,
164,
2,
0,
0,
16,
60,
0,
0,
2,
1,
6,
12,
16,
73,
94,
96,
108,
0,
48,
2,
57,
98,
149,
97,
11,
4,
12,
120,
1,
238,
191,
29,
233,
8,
0,
51,
2,
0,
163,
6,
0,
0,
0,
26,
40,
194,
5,
2,
7,
21,
4,
4,
6,
113,
0,
109,
19,
214,
4,
0,
68,
16,
239,
0,
72,
39,
10,
224,
32,
59,
0,
14,
9,
9,
16,
27,
131,
0,
4,
93,
0,
6,
20,
14,
0,
2,
73,
4,
11,
200,
240,
24,
4,
46,
45,
5,
23,
8,
34,
19,
19,
145,
66,
0,
1,
76,
13,
5,
21,
255,
0,
71,
158,
65,
136,
2,
3,
0,
2,
37,
28,
123,
1,
40,
23,
9,
229,
0,
27,
54,
149,
25,
7,
6,
240,
7,
0,
16,
2,
19,
0,
3,
10,
1,
4,
210,
29,
0,
7,
28,
10,
3,
45,
7,
45,
1,
0,
128,
43,
5,
5,
0,
0,
60,
1,
23,
2,
3,
5,
7,
10,
0,
3,
2,
63,
97,
71,
4,
3,
52,
157,
0,
101,
46,
54,
32,
114,
0,
3,
6,
0,
33,
4,
107,
0,
140,
0,
27,
38,
4,
0,
27,
8,
66,
10,
0,
0,
36,
145,
76,
0,
1,
15,
6,
109,
94,
5,
2,
55,
250,
2,
1,
49,
0,
78,
14,
50,
0,
140,
132,
44,
0,
116,
4,
206,
2,
54,
13,
149,
0,
6,
1,
6,
9,
175,
5,
1,
6,
11,
9,
14,
29,
4,
206,
26,
3,
239,
33,
3,
3,
0,
94,
4,
205,
0,
29,
166,
4,
4,
92,
12,
14,
6,
12,
2,
0,
25,
1,
0,
152,
241,
24,
0,
136,
45,
36,
37,
68,
9,
46,
225,
22,
29,
239,
24,
193,
0,
5,
0,
0,
16,
38,
1,
91,
100,
12,
2,
1,
4,
40,
67,
7,
80,
32,
22,
5,
0,
0,
240,
6,
56,
4,
244,
82,
1,
1,
0,
118,
16,
23,
51,
155,
5,
18,
66,
0,
2,
13,
4,
63,
26,
93,
2,
0,
3,
5,
0,
3,
0,
39,
0,
31,
1,
94,
8,
0,
0,
0,
1,
46,
10,
0,
6,
0,
0,
3,
2,
0,
87,
70,
1,
2,
6,
1,
12,
7,
134,
0,
0,
13,
0,
0,
82,
0,
0,
116,
1,
7,
0,
100,
37,
4,
0,
117,
76,
3,
6,
244,
6,
5,
16,
6,
58,
0,
2,
116,
31,
2,
19,
53,
0,
81,
1,
10,
56,
2,
0,
10,
58,
88,
0,
5,
91,
3,
4,
85,
89,
155,
9,
94,
21,
181,
89,
6,
246,
55,
17,
51,
14,
74,
4,
24,
14,
8,
6,
56,
49,
109,
25,
2,
0,
1,
16,
5,
22,
0,
67,
6,
6,
14,
18,
50,
3,
8,
0,
0,
60,
0,
0,
38,
14,
24,
2,
2,
1,
255,
110,
3,
240,
199,
2,
247,
165,
8,
12,
89,
66,
8,
0,
11,
57,
0,
21,
42,
9,
57,
0,
69,
8,
51,
19,
3,
22,
12,
0,
108,
99,
5,
84,
13,
89,
26,
3,
0,
55,
75,
0,
138,
0,
0,
149,
0,
63,
1,
3,
50,
1,
23,
33,
4,
206,
175,
2,
113,
16,
0,
2,
1,
2,
1,
0,
58,
9,
71,
12,
43,
235,
140,
5,
118,
13,
16,
15,
4,
71,
0,
1,
106,
153,
26,
35,
28,
0,
14,
19,
1,
28,
121,
33,
0,
12,
2,
58,
16,
1,
2,
8,
1,
4,
17,
220,
6,
2,
4,
4,
219,
13,
74,
8,
9,
3,
9,
18,
37,
95,
230,
0,
7,
3,
11,
0,
229,
65,
4,
15,
0,
23,
1,
28,
2,
9,
23,
12,
0,
5,
7,
0,
17,
2,
37,
205,
126,
0,
4,
7,
3,
9,
2,
0,
2,
3,
2,
81,
101,
71,
5,
127,
49,
6,
20,
15,
66,
108,
0,
33,
0,
0,
40,
4,
20,
2,
198,
0,
1,
19,
33,
0,
0,
2,
0,
11,
0,
153,
0,
8,
0,
5,
31,
31,
3,
0,
251,
165,
102,
209,
1,
2,
4,
0,
0,
2,
3,
32,
139,
2,
4,
71,
0,
0,
0,
226,
28,
44,
1,
12,
0,
144,
0,
3,
4,
0,
210,
1,
124,
15,
218,
23,
48,
68,
23,
4,
11,
56,
1,
0,
23,
101,
5,
16,
27,
16,
57,
0,
104,
9,
62,
6,
3,
58,
40,
4,
10,
6,
75,
10,
66,
243,
13,
26,
1,
73,
0,
0,
8,
19,
2,
4,
170,
13,
0,
0,
2,
1,
1,
0,
95,
223,
163,
136,
0,
80,
37,
22,
56,
0,
11,
65,
161,
77,
11,
56,
1,
0,
2,
66,
14,
88,
0,
2,
24,
34,
67,
34,
7,
98,
0,
54,
160,
116,
6,
9,
146,
132,
91,
0,
0,
11,
2,
26,
0,
122,
9,
51,
161,
71,
36,
17,
4,
93,
50,
211,
67,
0,
6,
45,
1,
3,
46,
0,
1,
12,
64,
7,
0,
173,
0,
26,
149,
3,
0,
15,
30,
0,
99,
72,
15,
26,
7,
0,
45,
8,
181,
7,
17,
0,
108,
149,
9,
0,
6,
5,
1,
13,
47,
53,
2,
2,
24,
65,
3,
4,
1,
3,
231,
0,
2,
1,
1,
62,
15,
4,
0,
6,
137,
152,
0,
3,
11,
54,
0,
212,
0,
6,
231,
15,
75,
187,
3,
2,
2,
3,
62,
0,
25,
15,
210,
17,
14,
1,
2,
22,
65,
91,
144,
0,
109,
4,
14,
130,
0,
2,
2,
0,
3,
204,
4,
2,
1,
17,
9,
245,
21,
46,
25,
0,
1,
36,
129,
15,
2,
0,
2,
218,
23,
179,
0,
3,
2,
0,
77,
12,
18,
0,
50,
18,
0,
9,
2,
66,
0,
21,
47,
6,
27,
0,
22,
0,
81,
230,
11,
0,
8,
50,
0,
14,
13,
48,
32,
53,
184,
12,
180,
43,
190,
3,
8,
147,
1,
4,
63,
236,
19,
4,
0,
33,
0,
0,
24,
86,
148,
156,
4,
58,
42,
0,
1,
7,
11,
60,
2,
1,
70,
213,
1,
0,
2,
36,
210,
22,
3,
146,
42,
11,
141,
9,
57,
23,
48,
4,
87,
6,
0,
75,
6,
23,
0,
3,
18,
1,
55,
3,
0,
1,
6,
11,
1,
15,
62,
37,
0,
17,
3,
0,
1,
20,
121,
1,
20,
29,
0,
1,
165,
1,
92,
25,
97,
44,
0,
8,
1,
0,
77,
91,
1,
3,
2,
144,
8,
6,
106,
75,
238,
19,
13,
2,
0,
14,
1,
0,
9,
66,
41,
0,
53,
2,
3,
1,
0,
1,
90,
2,
4,
120,
35,
10,
6,
118,
162,
23,
56,
0,
8,
44,
0,
0,
1,
209,
35,
0,
146,
8,
99,
175,
1,
3,
249,
81,
1,
7,
12,
228,
13,
50,
0,
8,
7,
1,
0,
50,
17,
142,
8,
0,
14,
76,
80,
0,
192,
7,
15,
4,
66,
97,
2,
14,
26,
17,
5,
3,
43,
0,
3,
0,
1,
151,
3,
200,
167,
134,
0,
93,
97,
4,
8,
4,
0,
101,
2,
21,
75,
0,
0,
35,
8,
0,
1,
2,
8,
0,
98,
2,
7,
11,
251,
49,
111,
0,
51,
2,
87,
28,
34,
1,
114,
14,
30,
133,
52,
0,
0,
115,
0,
2,
101,
0,
8,
62,
74,
1,
56,
3,
1,
52,
17,
63,
1,
2,
4,
1,
69,
6,
96,
25,
7,
199,
13,
226,
40,
9,
110,
1,
82,
5,
188,
1,
1,
24,
16,
3,
15,
0,
23,
161,
112,
129,
4,
0,
1,
62,
0,
6,
84,
0,
2,
150,
147,
0,
0,
5,
87,
20,
5,
4,
0,
43,
101,
0,
16,
6,
12,
89,
11,
0,
65,
1,
198,
214,
64,
4,
0,
5,
153,
0,
1,
17,
44,
31,
1,
118,
26,
0,
0,
204,
0,
1,
20,
100,
9,
4,
3,
6,
85,
4,
1,
85,
20,
47,
20,
0,
12,
0,
0,
16,
32,
189,
24,
1,
0,
15,
54,
88,
68,
19,
77,
2,
1,
13,
0,
28,
86,
2,
28,
114,
186,
16,
21,
57,
0,
135,
7,
228,
0,
3,
1,
51,
57,
3,
80,
2,
0,
6,
30,
0,
4,
133,
1,
0,
6,
222,
0,
22,
16,
0,
0,
62,
32,
10,
9,
5,
35,
3,
10,
0,
7,
5,
1,
1,
13,
107,
3,
0,
2,
1,
174,
7,
0,
4,
3,
1,
131,
132,
4,
115,
23,
18,
2,
30,
42,
18,
69,
2,
2,
0,
1,
1,
6,
0,
8,
4,
203,
16,
23,
56,
1,
2,
2,
34,
42,
2,
3,
198,
1,
123,
5,
9,
0,
85,
251,
29,
26,
239,
22,
56,
90,
0,
43,
8,
163,
50,
0,
43,
38,
40,
18,
1,
0,
8,
75,
131,
9,
12,
52,
0,
23,
92,
2,
92,
0,
113,
43,
50,
232,
0,
0,
0,
0,
1,
8,
30,
0,
5,
6,
202,
1,
4,
250,
135,
69,
0,
6,
231,
130,
35,
3,
3,
0,
1,
9,
12,
19,
0,
134,
2,
29,
10,
11,
52,
171,
1,
167,
3,
4,
214,
15,
21,
5,
244,
10,
0,
1,
127,
0,
0,
0,
0,
123,
8,
0,
3,
11,
1,
20,
26,
105,
115,
12,
24,
3,
85,
27,
0,
65,
75,
148,
0,
21,
0,
0,
5,
21,
0,
0,
113,
2,
239,
8,
1,
8,
101,
4,
6,
10,
0,
0,
1,
235,
1,
3,
12,
10,
0,
0,
29,
0,
0,
150,
35,
2,
3,
2,
51,
1,
0,
0,
0,
5,
23,
0,
22,
59,
49,
153,
5,
1,
0,
6,
8,
2,
31,
95,
0,
16,
83,
4,
3,
135,
57,
0,
5,
0,
0,
1,
0,
0,
1,
2,
0,
9,
33,
26,
42,
185,
233,
10,
0,
2,
99,
0,
0,
0,
6,
1,
0,
0,
4,
207,
3,
0,
13,
139,
42,
1,
0,
165,
194,
68,
0,
0,
70,
34,
4,
0,
0,
6,
5,
188,
79,
22,
36,
130,
15,
90,
16,
22,
113,
0,
10,
17,
116,
10,
1,
30,
33,
0,
0,
92,
1,
92,
138,
23,
0,
0,
202,
30,
27,
0,
0,
2,
0,
1,
67,
13,
29,
165,
0,
0,
0,
155,
2,
151,
78,
127,
0,
0,
43,
168,
0,
127,
1,
234,
47,
2,
70,
2,
140,
5,
137,
23,
3,
9,
8,
141,
49,
50,
3,
15,
132,
89,
179,
181,
1,
244,
9,
179,
19,
10,
63,
0,
1,
42,
1,
139,
5,
0,
5,
0,
74,
218,
5,
16,
4,
0,
0,
147,
2,
27,
143,
51,
84,
3,
0,
2,
6,
7,
50,
72,
26,
34,
31,
8,
1,
0,
0,
0,
161,
30,
0,
0,
224,
170,
0,
54,
84,
10,
153,
218,
2,
4,
145,
4,
183,
1,
25,
234,
3,
0,
3,
1,
98,
0,
29,
16,
1,
38,
0,
25,
17,
0,
1,
3,
0,
18,
125,
84,
0,
0,
12,
1,
0,
122,
0,
1,
112,
223,
13,
0,
6,
3,
9,
34,
1,
1,
4,
1,
4,
0,
176,
3,
98,
46,
112,
3,
3,
207,
1,
12,
43,
0,
0,
1,
107,
0,
28,
78,
164,
3,
0,
2,
3,
10,
20,
4,
53,
1,
127,
11,
0,
133,
9,
11,
0,
0,
14,
24,
251,
2,
0,
4,
0,
107,
20,
83,
8,
3,
95,
57,
57,
2,
12,
13,
0,
0,
14,
13,
179,
0,
0,
10,
3,
4,
0,
4,
99,
25,
6,
0,
36,
1,
4,
44,
1,
25,
10,
0,
4,
22,
32,
0,
0,
0,
17,
8,
30,
58,
85,
60,
59,
121,
1,
6,
8,
223,
19,
167,
1,
132,
50,
120,
9,
128,
63,
59,
191,
1,
0,
185,
0,
129,
140,
0,
17,
45,
1,
0,
0,
153,
1,
3,
6,
24,
124,
42,
168,
18,
14,
8,
14,
7,
1,
26,
0,
215,
2,
0,
0,
0,
0,
19,
1,
161,
5,
3,
11,
29,
19,
90,
0,
2,
24,
11,
0,
66,
0,
0,
3,
7,
10,
0,
0,
0,
66,
4,
66,
51,
10,
3,
14,
57,
0,
4,
224,
38,
15,
229,
150,
16,
12,
203,
8,
14,
0,
41,
4,
16,
5,
48,
237,
124,
26,
7,
94,
6,
3,
5,
4,
64,
1,
0,
71,
2,
34,
193,
5,
227,
0,
0,
17,
4,
63,
158,
0,
0,
0,
2,
165,
21,
0,
1,
5,
138,
53,
4,
92,
22,
214,
2,
2,
45,
36,
0,
0,
0,
131,
0,
0,
2,
1,
3,
205,
134,
3,
1,
3,
154,
4,
189,
97,
182,
1,
119,
3,
1,
3,
17,
199,
4,
24,
8,
150,
3,
5,
11,
0,
1,
2,
5,
3,
56,
7,
3,
20,
2,
63,
4,
173,
17,
5,
2,
250,
1,
10,
5,
20,
4,
155,
55,
0,
0,
6,
27,
17,
31,
172,
0,
0,
2,
1,
173,
7,
93,
58,
23,
10,
0,
3,
1,
140,
85,
58,
17,
3,
0,
2,
33,
108,
7,
109,
1,
10,
60,
68,
0,
0,
98,
5,
12,
3,
4,
228,
5,
0,
20,
134,
0,
0,
229,
36,
18,
21,
1,
3,
86,
0,
0,
0,
68,
94,
14,
0,
0,
4,
0,
18,
0,
4,
25,
14,
173,
49,
38,
1,
65,
0,
36,
12,
68,
116,
100,
8,
54,
56,
0,
66,
0,
17,
0,
98,
21,
20,
135,
3,
46,
4,
2,
11,
1,
9,
14,
80,
2,
92,
69,
0,
21,
5,
9,
8,
1,
6,
25,
21,
52,
10,
7,
35,
1,
87,
2,
7,
181,
1,
0,
6,
0,
4,
8,
65,
4,
37,
1,
0,
165,
50,
43,
7,
117,
4,
3,
2,
0,
1,
104,
4,
11,
25,
60,
2,
0,
86,
76,
17,
160,
31,
6,
0,
0,
216,
90,
0,
155,
0,
34,
81,
48,
4,
34,
1,
35,
8,
2,
0,
0,
18,
2,
0,
5,
2,
7,
0,
15,
65,
0,
0,
13,
161,
104,
21,
0,
12,
1,
57,
28,
83,
23,
75,
0,
90,
102,
0,
110,
10,
112,
1,
111,
0,
41,
217,
0,
16,
31,
0,
48,
51,
4,
1,
7,
4,
62,
2,
106,
0,
220,
0,
11,
102,
185,
16,
8,
4,
8,
0,
225,
2,
1,
0,
1,
8,
1,
204,
2,
98,
47,
0,
6,
8,
0,
0,
0,
4,
3,
14,
52,
1,
6,
1,
83,
4,
4,
7,
171,
249,
0,
24,
12,
2,
1,
0,
1,
0,
4,
0,
12,
140,
4,
9,
5,
8,
7,
2,
1,
1,
102,
33,
81,
0,
1,
47,
29,
12,
56,
76,
3,
0,
0,
13,
4,
14,
37,
101,
1,
1,
0,
4,
0,
13,
4,
4,
42,
4,
28,
0,
0,
0,
35,
52,
114,
172,
0,
1,
10,
1,
0,
9,
1,
8,
98,
1,
12,
1,
12,
0,
81,
9,
4,
113,
8,
4,
20,
22,
124,
18,
5,
3,
11,
125,
0,
50,
81,
58,
0,
7,
0,
100,
9,
6,
10,
9,
5,
0,
0,
25,
1,
12,
28,
5,
8,
30,
11,
189,
0,
5,
10,
0,
53,
3,
0,
0,
2,
150,
2,
0,
14,
250,
47,
33,
2,
56,
95,
41,
156,
11,
1,
15,
0,
0,
109,
0,
1,
2,
14,
0,
20,
2,
191,
2,
38,
36,
4,
5,
4,
10,
15,
4,
59,
6,
8,
0,
55,
144,
150,
4,
4,
3,
0,
48,
0,
0,
2,
39,
82,
152,
6,
0,
178,
25,
26,
254,
67,
2,
5,
3,
46,
9,
14,
0,
49,
1,
105,
8,
0,
0,
4,
16,
0,
78,
6,
7,
3,
12,
26,
53,
14,
48,
6,
5,
2,
1,
0,
3,
0,
115,
19,
196,
238,
127,
3,
114,
0,
1,
172,
151,
61,
203,
3,
2,
2,
4,
152,
71,
1,
1,
174,
1,
240,
3,
2,
14,
0,
116,
44,
193,
17,
5,
223,
2,
6,
0,
29,
34,
11,
15,
1,
34,
86,
34,
0,
1,
91,
165,
1,
35,
0,
11,
5,
0,
6,
25,
6,
3,
21,
70,
6,
0,
0,
1,
4,
1,
2,
7,
99,
59,
216,
1,
1,
6,
13,
219,
236,
57,
1,
8,
0,
22,
58,
64,
1,
5,
6,
91,
16,
0,
10,
38,
50,
30,
28,
37,
123,
28,
17,
1,
175,
7,
83,
5,
237,
158,
22,
46,
28,
0,
3,
16,
56,
0,
230,
33,
0,
53,
37,
75,
6,
3,
55,
10,
1,
4,
149,
1,
0,
241,
0,
37,
0,
1,
15,
0,
0,
0,
0,
18,
4,
0,
1,
20,
29,
78,
0,
2,
7,
0,
4,
17,
40,
0,
184,
0,
155,
0,
27,
1,
32,
19,
34,
21,
78,
1,
0,
1,
126,
2,
239,
163,
96,
0,
143,
87,
141,
0,
62,
15,
2,
248,
1,
0,
12,
1,
13,
4,
0,
140,
0,
7,
1,
35,
6,
50,
29,
210,
19,
2,
13,
1,
0,
0,
0,
15,
12,
192,
0,
172,
6,
4,
1,
14,
3,
9,
57,
17,
14,
77,
11,
0,
9,
28,
3,
19,
36,
105,
12,
0,
24,
0,
0,
4,
30,
0,
8,
40,
3,
90,
1,
1,
1,
1,
45,
1,
0,
190,
189,
5,
16,
42,
7,
251,
6,
14,
136,
219,
0,
81,
5,
19,
50,
0,
225,
2,
30,
6,
6,
3,
99,
8,
139,
7,
58,
15,
10,
8,
1,
63,
2,
150,
73,
2,
11,
1,
28,
50,
199,
19,
3,
200,
153,
2,
8,
3,
38,
2,
20,
2,
188,
31,
0,
1,
11,
182,
0,
16,
3,
78,
0,
69,
58,
152,
20,
8,
2,
33,
41,
1,
0,
0,
4,
66,
3,
2,
70,
2,
26,
14,
83,
111,
13,
25,
95,
2,
249,
43,
36,
17,
0,
0,
14,
17,
216,
1,
0,
25,
10,
142,
18,
156,
52,
225,
6,
71,
3,
1,
0,
201,
0,
113,
4,
0,
4,
2,
2,
13,
120,
31,
49,
2,
88,
0,
44,
36,
25,
4,
85,
79,
1,
42,
24,
17,
39,
10,
6,
34,
97,
0,
201,
5,
172,
56,
219,
6,
70,
27,
1,
5,
0,
0,
68,
178,
14,
0,
0,
2,
35,
0,
17,
40,
6,
189,
83,
80,
12,
30,
0,
33,
2,
31,
19,
2,
0,
7,
6,
14,
221,
8,
44,
0,
2,
46,
90,
189,
23,
1,
75,
101,
25,
195,
0,
40,
185,
35,
0,
20,
1,
10,
1,
1,
12,
19,
1,
139,
8,
5,
239,
97,
87,
21,
144,
0,
1,
0,
206,
14,
0,
21,
24,
2,
212,
49,
0,
1,
4,
8,
5,
50,
29,
0,
181,
117,
0,
43,
86,
3,
0,
0,
4,
48,
1,
12,
7,
0,
8,
16,
1,
91,
10,
91,
8,
0,
0,
16,
2,
4,
3,
218,
148,
82,
31,
38,
0,
5,
40,
18,
5,
78,
27,
18,
12,
4,
1,
92,
55,
33,
6,
0,
42,
0,
206,
30,
39,
3,
0,
2,
0,
18,
2,
110,
0,
2,
94,
0,
71,
1,
2,
50,
99,
9,
78,
3,
1,
15,
1,
9,
4,
25,
14,
27,
151,
2,
8,
4,
14,
25,
0,
45,
4,
122,
210,
86,
3,
57,
0,
4,
87,
164,
6,
7,
62,
1,
20,
0,
2,
0,
2,
56,
4,
21,
40,
24,
4,
53,
135,
24,
22,
0,
3,
2,
5,
0,
83,
191,
7,
60,
98,
1,
5,
7,
4,
10,
0,
163,
243,
59,
34,
0,
123,
178,
5,
34,
0,
13,
6,
3,
12,
8,
126,
0,
119,
53,
0,
28,
0,
4,
222,
10,
22,
4,
0,
98,
0,
9,
0,
98,
129,
8,
4,
48,
140,
155,
18,
6,
49,
2,
5,
14,
1,
19,
73,
146,
17,
1,
29,
195,
0,
155,
36,
126,
3,
43,
0,
226,
10,
0,
42,
2,
1,
10,
17,
1,
15,
1,
144,
0,
8,
148,
222,
1,
7,
132,
24,
20,
89,
30,
92,
205,
0,
15,
151,
0,
0,
0,
15,
255,
13,
181,
206,
14,
3,
207,
9,
160,
1,
0,
68,
0,
23,
70,
47,
0,
0,
2,
0,
209,
4,
1,
25,
1,
36,
5,
3,
0,
11,
4,
43,
2,
141,
1,
80,
0,
30,
6,
110,
248,
35,
0,
113,
70,
1,
27,
225,
75,
13,
29,
5,
188,
95,
2,
0,
16,
42,
6,
109,
7,
184,
64,
6,
22,
1,
0,
0,
80,
33,
45,
2,
129,
11,
0,
0,
12,
39,
0,
197,
28,
57,
1,
0,
0,
249,
2,
120,
87,
87,
5,
100,
4,
0,
28,
11,
8,
30,
79,
69,
0,
172,
3,
0,
6,
51,
9,
0,
27,
2,
51,
0,
5,
7,
157,
40,
3,
104,
1,
209,
0,
32,
110,
15,
3,
86,
1,
6,
59,
45,
129,
19,
6,
16,
22,
17,
160,
116,
0,
69,
1,
3,
10,
36,
10,
1,
10,
1,
0,
2,
1,
249,
92,
92,
13,
70,
5,
1,
45,
55,
47,
11,
8,
16,
7,
91,
47,
101,
55,
206,
17,
109,
32,
0,
8,
31,
184,
130,
0,
0,
54,
39,
0,
98,
35,
1,
96,
196,
2,
47,
152,
3,
246,
207,
38,
2,
64,
0,
5,
41,
171,
0,
29,
3,
45,
32,
0,
59,
25,
0,
0,
4,
34,
1,
18,
112,
0,
16,
107,
0,
5,
9,
14,
5,
0,
23,
1,
114,
5,
0,
0,
10,
0,
0,
25,
16,
48,
1,
2,
117,
62,
16,
0,
43,
20,
108,
196,
3,
12,
1,
3,
28,
0,
0,
1,
0,
62,
3,
28,
99,
29,
176,
40,
56,
220,
8,
3,
146,
0,
8,
57,
21,
48,
71,
120,
34,
3,
251,
0,
200,
40,
1,
0,
22,
15,
49,
63,
1,
12,
6,
31,
17,
6,
1,
90,
0,
1,
4,
25,
17,
0,
2,
216,
0,
0,
51,
44,
0,
1,
2,
3,
0,
2,
40,
4,
247,
2,
20,
2,
1,
0,
1,
0,
5,
16,
23,
0,
92,
62,
3,
1,
22,
21,
55,
2,
7,
19,
14,
3,
4,
7,
11,
0,
22,
18,
1,
1,
79,
15,
1,
184,
1,
0,
4,
0,
128,
13,
1,
0,
0,
8,
80,
6,
2,
53,
9,
26,
5,
2,
1,
8,
117,
1,
0,
3,
8,
48,
96,
0,
11,
14,
45,
159,
102,
78,
214,
1,
5,
4,
53,
0,
5,
2,
0,
26,
33,
0,
82,
112,
20,
22,
35,
105,
20,
14,
3,
252,
2,
218,
154,
2,
34,
0,
8,
5,
45,
133,
23,
0,
48,
69,
5,
2,
1,
82,
26,
30,
6,
3,
54,
33,
1,
150,
218,
0,
183,
11,
5,
0,
6,
2,
22,
37,
0,
6,
69,
189,
7,
15,
33,
40,
1,
51,
21,
0,
10,
0,
0,
6,
89,
13,
70,
1,
85,
7,
58,
106,
209,
198,
3,
4,
150,
0,
3,
23,
29,
6,
1,
2,
109,
193,
0,
7,
175,
170,
1,
8,
2,
3,
17,
226,
2,
1,
1,
125,
1,
137,
0,
39,
35,
1,
1,
159,
0,
4,
18,
40,
1,
68,
19,
0,
22,
121,
68,
1,
2,
94,
172,
55,
0,
1,
0,
51,
16,
51,
13,
2,
13,
4,
1,
16,
46,
2,
47,
12,
0,
1,
0,
7,
0,
115,
207,
55,
44,
20,
30,
0,
20,
95,
172,
213,
27,
9,
90,
149,
0,
3,
0,
9,
7,
0,
2,
180,
2,
43,
254,
122,
126,
1,
49,
40,
16,
4,
1,
26,
35,
238,
0,
13,
4,
32,
60,
8,
1,
5,
229,
1,
4,
39,
4,
10,
0,
189,
1,
1,
0,
65,
16,
230,
5,
0,
93,
19,
0,
8,
0,
72,
28,
0,
98,
112,
2,
0,
11,
0,
9,
104,
119,
189,
0,
22,
23,
0,
7,
106,
0,
119,
143,
62,
23,
2,
146,
0,
1,
13,
80,
1,
54,
3,
125,
1,
1,
82,
145,
43,
0,
101,
8,
25,
1,
0,
0,
0,
128,
39,
0,
16,
4,
109,
3,
2,
25,
3,
49,
8,
43,
24,
32,
2,
1,
6,
16,
75,
59,
8,
4,
5,
2,
2,
0,
31,
0,
20,
2,
15,
7,
67,
27,
25,
0,
0,
2,
4,
0,
11,
0,
3,
1,
2,
2,
9,
2,
20,
27,
20,
109,
6,
3,
7,
189,
28,
0,
136,
96,
46,
250,
0,
59,
2,
12,
71,
9,
104,
9,
2,
2,
1,
11,
2,
6,
148,
0,
0,
6,
15,
1,
14,
2,
1,
3,
4,
101,
252,
226,
1,
182,
4,
0,
30,
81,
1,
30,
5,
2,
20,
24,
0,
0,
0,
51,
0,
11,
2,
0,
11,
4,
111,
100,
3,
0,
187,
1,
88,
34,
33,
17,
12,
40,
12,
13,
20,
8,
254,
8,
0,
8,
5,
1,
71,
0,
6,
197,
0,
2,
23,
106,
0,
21,
1,
8,
1,
78,
2,
138,
67,
74,
167,
16,
6,
0,
81,
1,
0,
1,
8,
12,
1,
12,
0,
0,
32,
11,
10,
4,
19,
10,
2,
3,
78,
0,
35,
0,
3,
15,
5,
16,
147,
1,
176,
2,
46,
0,
0,
0,
47,
0,
4,
75,
7,
0,
74,
1,
46,
185,
234,
9,
1,
1,
41,
5,
129,
20,
8,
19,
92,
154,
29,
20,
2,
10,
167,
0,
10,
32,
28,
5,
0,
191,
1,
201,
96,
3,
177,
0,
17,
1,
49,
7,
2,
104,
3,
25,
4,
45,
24,
2,
80,
61,
0,
3,
2,
11,
30,
10,
1,
10,
193,
7,
40,
0,
3,
159,
6,
9,
12,
21,
7,
1,
0,
69,
71,
0,
0,
101,
18,
59,
5,
13,
196,
2,
1,
48,
93,
79,
0,
56,
2,
0,
27,
0,
9,
4,
76,
58,
0,
28,
123,
25,
9,
8,
89,
4,
13,
4,
74,
0,
0,
6,
4,
1,
85,
6,
25,
6,
41,
27,
1,
1,
40,
11,
174,
2,
0,
0,
6,
72,
1,
9,
0,
0,
2,
2,
0,
4,
0,
0,
5,
0,
0,
111,
2,
1,
1,
6,
77,
110,
2,
0,
24,
48,
202,
28,
48,
46,
12,
0,
0,
181,
37,
88,
10,
0,
65,
32,
0,
131,
0,
24,
15,
0,
63,
1,
42,
21,
33,
65,
1,
0,
10,
2,
5,
13,
4,
11,
53,
0,
7,
21,
170,
3,
0,
103,
3,
8,
0,
28,
135,
17,
202,
27,
4,
0,
5,
69,
8,
46,
37,
4,
0,
0,
134,
14,
1,
27,
6,
1,
0,
20,
219,
8,
23,
0,
2,
1,
244,
8,
1,
223,
0,
6,
5,
160,
88,
18,
168,
10,
28,
147,
14,
35,
5,
0,
1,
37,
0,
0,
9,
7,
49,
116,
49,
0,
50,
24,
4,
5,
0,
4,
244,
2,
2,
0,
6,
1,
28,
198,
67,
4,
15,
76,
79,
22,
25,
254,
102,
18,
34,
2,
101,
1,
163,
22,
191,
12,
28,
38,
10,
93,
3,
12,
4,
0,
46,
0,
51,
198,
5,
22,
185,
1,
3,
88,
0,
1,
0,
5,
0,
4,
24,
1,
110,
25,
229,
171,
0,
8,
6,
2,
169,
17,
43,
0,
3,
138,
31,
181,
1,
4,
83,
86,
34,
0,
3,
145,
12,
74,
1,
24,
82,
0,
2,
34,
5,
3,
196,
3,
3,
9,
0,
2,
0,
20,
1,
0,
0,
1,
2,
7,
0,
26,
9,
46,
3,
1,
1,
8,
21,
8,
0,
82,
12,
111,
31,
0,
10,
19,
3,
18,
203,
40,
3,
28,
132,
5,
11,
86,
65,
1,
41,
1,
2,
40,
13,
7,
9,
0,
55,
21,
191,
12,
7,
0,
8,
19,
22,
26,
7,
2,
248,
2,
2,
0,
59,
75,
139,
20,
253,
7,
0,
20,
4,
0,
0,
97,
111,
17,
2,
6,
74,
27,
1,
7,
0,
93,
96,
36,
1,
1,
152,
44,
7,
1,
0,
0,
11,
0,
13,
0,
1,
13,
32,
4,
10,
136,
12,
95,
8,
92,
0,
9,
0,
77,
0,
0,
0,
0,
194,
26,
28,
55,
6,
41,
1,
1,
100,
92,
0,
195,
71,
1,
0,
11,
60,
6,
0,
110,
1,
2,
140,
0,
0,
1,
0,
1,
110,
51,
0,
21,
16,
122,
79,
31,
174,
0,
47,
14,
148,
35,
121,
11,
41,
0,
0,
25,
8,
65,
13,
5,
158,
235,
4,
11,
1,
51,
0,
0,
79,
1,
150,
1,
19,
209,
83,
99,
0,
39,
0,
24,
9,
0,
2,
4,
41,
23,
18,
5,
0,
31,
39,
0,
54,
0,
14,
168,
2,
14,
9,
3,
162,
3,
1,
3,
0,
198,
2,
4,
0,
16,
14,
0,
32,
1,
0,
0,
9,
7,
2,
0,
3,
0,
58,
41,
7,
74,
0,
41,
8,
0,
18,
0,
2,
0,
148,
4,
1,
0,
0,
1,
1,
85,
21,
17,
8,
12,
14,
133,
183,
187,
8,
172,
30,
61,
4,
50,
193,
127,
3,
14,
252,
13,
4,
30,
156,
6,
2,
7,
233,
23,
0,
2,
108,
82,
0,
5,
13,
76,
118,
0,
16,
0,
67,
98,
41,
101,
28,
98,
3,
1,
58,
48,
1,
1,
66,
1,
16,
0,
0,
58,
51,
0,
24,
85,
0,
75,
157,
4,
20,
8,
125,
207,
61,
42,
24,
0,
1,
9,
10,
0,
56,
3,
12,
21,
44,
4,
73,
67,
152,
0,
90,
0,
0,
13,
167,
73,
185,
144,
8,
0,
85,
75,
12,
134,
105,
0,
97,
105,
74,
0,
0,
210,
89,
221,
10,
1,
7,
3,
7,
0,
65,
113,
106,
6,
123,
4,
14,
65,
0,
3,
79,
33,
24,
152,
1,
75,
134,
47,
153,
0,
57,
18,
253,
26,
1,
201,
0,
1,
0,
187,
1,
5,
0,
2,
1,
1,
1,
0,
7,
191,
0,
28,
47,
2,
20,
13,
8,
7,
0,
250,
0,
22,
0,
27,
46,
51,
13,
144,
36,
2,
6,
119,
27,
3,
4,
3,
14,
3,
7,
23,
1,
6,
141,
50,
8,
99,
69,
2,
5,
43,
0,
157,
0,
27,
32,
43,
9,
14,
1,
0,
9,
2,
23,
84,
4,
18,
2,
2,
1,
103,
10,
5,
14,
52,
67,
9,
201,
0,
1,
0,
246,
2,
0,
0,
88,
2,
237,
1,
12,
20,
0,
1,
0,
0,
137,
1,
201,
0,
22,
12,
129,
42,
170,
3,
48,
41,
37,
0,
11,
1,
5,
216,
1,
5,
14,
0,
0,
8,
46,
1,
0,
37,
24,
1,
2,
35,
3,
87,
21,
0,
6,
170,
47,
26,
5,
24,
93,
5,
0,
1,
1,
41,
39,
0,
8,
0,
27,
19,
25,
0,
0,
28,
1,
0,
4,
8,
5,
196,
161,
2,
9,
183,
3,
36,
139,
10,
1,
75,
48,
8,
222,
3,
1,
1,
2,
13,
9,
1,
32,
19,
52,
3,
141,
25,
9,
16,
3,
11,
26,
19,
0,
202,
54,
102,
2,
194,
1,
57,
4,
1,
18,
27,
127,
136,
18,
15,
23,
6,
1,
20,
104,
0,
64,
7,
1,
47,
0,
76,
35,
5,
228,
9,
1,
80,
47,
33,
1,
0,
110,
3,
50,
56,
14,
25,
13,
219,
1,
158,
4,
0,
0,
6,
5,
3,
88,
7,
93,
187,
1,
23,
3,
72,
13,
63,
5,
0,
0,
56,
34,
0,
153,
9,
7,
13,
32,
0,
6,
13,
1,
65,
2,
2,
10,
8,
28,
10,
0,
6,
0,
35,
3,
6,
27,
27,
5,
0,
40,
31,
121,
1,
20,
64,
6,
0,
11,
1,
0,
27,
69,
0,
0,
1,
2,
3,
63,
12,
57,
2,
6,
51,
4,
239,
2,
18,
17,
112,
71,
132,
15,
168,
48,
6,
5,
8,
0,
3,
66,
7,
39,
0,
146,
80,
8,
11,
3,
15,
102,
195,
4,
200,
0,
119,
255,
0,
7,
0,
236,
13,
9,
1,
1,
88,
26,
31,
30,
2,
11,
0,
1,
3,
2,
24,
7,
9,
10,
197,
60,
0,
40,
15,
13,
16,
19,
0,
0,
4,
20,
36,
2,
0,
1,
47,
17,
7,
246,
1,
4,
211,
91,
3,
0,
6,
0,
151,
0,
0,
35,
253,
11,
122,
80,
20,
1,
6,
18,
100,
2,
98,
0,
11,
0,
105,
16,
28,
28,
0,
3,
14,
2,
7,
17,
1,
167,
150,
5,
34,
111,
2,
2,
7,
1,
17,
163,
2,
24,
134,
31,
68,
23,
0,
47,
0,
16,
0,
2,
10,
10,
239,
0,
35,
6,
15,
0,
6,
1,
0,
34,
255,
73,
65,
9,
0,
109,
4,
0,
2,
244,
7,
16,
50,
13,
12,
1,
8,
10,
36,
4,
19,
0,
0,
151,
0,
2,
2,
6,
4,
45,
21,
35,
1,
77,
202,
46,
16,
3,
10,
43,
15,
36,
32,
0,
7,
64,
89,
0,
48,
239,
61,
43,
0,
166,
184,
99,
30,
44,
0,
38,
29,
57,
242,
20,
127,
1,
37,
25,
4,
11,
2,
7,
17,
5,
0,
5,
28,
62,
14,
0,
33,
4,
0,
0,
1,
22,
60,
0,
39,
4,
29,
3,
71,
0,
3,
1,
1,
63,
103,
76,
0,
10,
3,
12,
16,
26,
13,
14,
24,
7,
196,
39,
5,
0,
152,
0,
9,
35,
11,
54,
38,
3,
6,
29,
7,
6,
44,
8,
2,
66,
3,
0,
6,
0,
221,
0,
0,
24,
14,
2,
30,
1,
74,
7,
131,
0,
0,
3,
42,
13,
0,
0,
125,
0,
0,
0,
2,
1,
0,
126,
4,
25,
0,
2,
1,
5,
252,
242,
0,
0,
2,
190,
0,
3,
180,
51,
0,
46,
0,
40,
66,
1,
8,
0,
2,
35,
44,
89,
137,
30,
1,
81,
6,
8,
97,
3,
2,
0,
19,
0,
63,
248,
0,
0,
0,
15,
8,
0,
0,
199,
159,
5,
95,
5,
4,
2,
113,
169,
13,
126,
2,
3,
2,
6,
36,
0,
6,
50,
3,
16,
15,
0,
219,
2,
19,
15,
38,
32,
115,
0,
1,
228,
0,
5,
67,
0,
195,
32,
0,
2,
25,
1,
0,
2,
114,
0,
1,
5,
139,
40,
15,
0,
73,
0,
171,
5,
165,
22,
75,
65,
42,
8,
191,
2,
48,
144,
181,
69,
4,
2,
41,
9,
1,
42,
16,
1,
8,
6,
9,
5,
65,
10,
32,
99,
0,
175,
0,
115,
70,
89,
4,
10,
2,
10,
150,
4,
0,
50,
0,
48,
4,
7,
8,
181,
125,
39,
5,
55,
1,
41,
27,
4,
3,
1,
49,
0,
35,
0,
93,
67,
9,
6,
9,
10,
21,
1,
102,
5,
9,
2,
4,
59,
23,
80,
21,
0,
3,
179,
0,
4,
0,
11,
41,
15,
3,
47,
24,
0,
1,
0,
25,
1,
43,
36,
49,
3,
105,
54,
0,
7,
64,
9,
1,
74,
174,
162,
2,
34,
0,
12,
17,
0,
15,
131,
0,
6,
204,
0,
13,
3,
7,
0,
87,
85,
45,
152,
127,
11,
59,
80,
6,
71,
0,
4,
41,
6,
145,
8,
1,
2,
125,
26,
29,
9,
98,
1,
4,
0,
0,
13,
81,
1,
5,
6,
176,
3,
5,
4,
44,
39,
6,
18,
14,
7,
225,
10,
9,
41,
39,
17,
30,
155,
28,
111,
3,
59,
0,
189,
7,
2,
7,
101,
0,
157,
1,
47,
27,
3,
56,
7,
1,
5,
2,
40,
37,
238,
9,
75,
0,
5,
0,
15,
77,
29,
8,
10,
102,
56,
10,
0,
32,
56,
27,
92,
11,
9,
1,
0,
0,
208,
98,
8,
57,
19,
7,
35,
95,
39,
12,
74,
9,
1,
0,
36,
0,
1,
1,
1,
5,
0,
9,
1,
13,
246,
128,
41,
3,
53,
43,
83,
35,
72,
16,
1,
0,
188,
2,
4,
5,
85,
32,
84,
11,
8,
0,
4,
78,
159,
186,
118,
21,
19,
27,
17,
3,
9,
1,
16,
88,
7,
5,
54,
25,
30,
207,
0,
0,
0,
0,
84,
0,
1,
12,
29,
249,
149,
0,
11,
12,
52,
147,
0,
100,
1,
10,
124,
3,
4,
115,
0,
1,
176,
5,
52,
3,
0,
73,
7,
16,
105,
0,
4,
2,
0,
1,
5,
203,
180,
6,
0,
72,
57,
7,
129,
2,
0,
20,
6,
176,
8,
0,
16,
0,
29,
12,
8,
14,
10,
1,
103,
0,
34,
36,
82,
0,
1,
3,
10,
227,
87,
5,
1,
0,
63,
43,
2,
11,
5,
0,
10,
3,
11,
0,
238,
218,
5,
50,
2,
0,
14,
23,
2,
4,
0,
4,
1,
3,
0,
48,
1,
163,
5,
97,
136,
174,
1,
130,
4,
0,
9,
0,
1,
0,
10,
45,
35,
0,
1,
92,
44,
76,
17,
2,
51,
3,
1,
152,
18,
2,
13,
1,
0,
151,
109,
69,
125,
52,
2,
10,
224,
0,
1,
132,
10,
19,
8,
103,
127,
8,
3,
5,
46,
2,
1,
5,
134,
0,
8,
61,
67,
0,
108,
22,
38,
10,
239,
32,
150,
1,
3,
218,
135,
4,
108,
222,
143,
92,
7,
1,
80,
2,
3,
0,
18,
12,
22,
0,
4,
1,
0,
1,
0,
24,
8,
0,
1,
0,
5,
23,
56,
4,
7,
33,
15,
3,
48,
4,
13,
4,
23,
25,
83,
4,
52,
82,
89,
17,
23,
17,
18,
88,
1,
184,
91,
113,
5,
133,
1,
38,
0,
0,
3,
80,
10,
94,
138,
23,
18,
2,
4,
75,
100,
2,
135,
0,
48,
0,
18,
1,
5,
46,
99,
229,
22,
63,
44,
3,
195,
29,
5,
101,
56,
26,
229,
1,
0,
0,
30,
59,
159,
0,
5,
0,
3,
0,
5,
21,
0,
0,
169,
0,
135,
4,
22,
0,
18,
42,
7,
2,
8,
0,
48,
75,
0,
0,
3,
1,
1,
125,
24,
0,
57,
23,
53,
21,
9,
0,
201,
18,
4,
33,
85,
0,
4,
13,
184,
0,
1,
1,
34,
5,
3,
29,
1,
194,
85,
84,
85,
88,
13,
25,
4,
17,
7,
0,
0,
81,
3,
219,
80,
8,
15,
12,
175,
0,
206,
22,
6,
5,
0,
47,
78,
0,
7,
65,
3,
19,
0,
3,
1,
15,
13,
16,
0,
0,
133,
2,
7,
0,
61,
68,
0,
128,
45,
37,
0,
15,
0,
20,
0,
8,
1,
7,
26,
144,
43,
0,
34,
64,
11,
0,
25,
168,
21,
1,
0,
192,
0,
0,
125,
8,
6,
9,
170,
173,
182,
95,
4,
38,
1,
13,
16,
0,
13,
3,
8,
0,
133,
30,
73,
22,
32,
45,
6,
0,
7,
0,
14,
104,
4,
143,
0,
6,
7,
19,
68,
3,
24,
3,
11,
0,
69,
2,
0,
77,
71,
5,
7,
2,
34,
14,
1,
24,
2,
0,
126,
139,
25,
11,
41,
10,
0,
52,
1,
0,
117,
2,
2,
0,
151,
21,
3,
37,
119,
9,
64,
5,
152,
1,
0,
9,
0,
0,
182,
11,
1,
6,
11,
0,
22,
9,
35,
2,
142,
0,
5,
89,
236,
3,
3,
2,
13,
0,
1,
19,
0,
112,
109,
134,
14,
64,
1,
8,
33,
27,
72,
0,
34,
2,
1,
241,
55,
10,
9,
4,
0,
0,
131,
221,
0,
52,
0,
1,
24,
0,
36,
1,
110,
49,
0,
33,
11,
5,
91,
1,
0,
232,
11,
1,
1,
6,
1,
31,
79,
89,
10,
149,
2,
36,
48,
6,
1,
3,
11,
16,
0,
81,
136,
1,
0,
24,
57,
79,
39,
219,
11,
3,
23,
1,
34,
187,
240,
136,
14,
23,
12,
17,
0,
26,
2,
4,
255,
9,
90,
28,
1,
0,
2,
0,
164,
137,
228,
4,
6,
62,
0,
45,
224,
14,
5,
20,
1,
6,
16,
12,
10,
6,
9,
25,
108,
8,
21,
64,
17,
30,
68,
1,
1,
24,
0,
0,
105,
0,
19,
3,
189,
2,
182,
39,
251,
103,
5,
1,
53,
1,
20,
60,
96,
27,
4,
1,
0,
23,
1,
0,
252,
29,
2,
106,
5,
22,
14,
71,
3,
0,
25,
108,
7,
3,
15,
201,
2,
13,
0,
2,
55,
16,
0,
167,
13,
1,
1,
1,
41,
111,
0,
1,
65,
30,
47,
17,
58,
219,
250,
0,
1,
7,
50,
0,
5,
73,
86,
84,
161,
15,
5,
90,
5,
28,
16,
5,
9,
28,
1,
14,
185,
0,
1,
38,
46,
134,
0,
1,
1,
7,
2,
3,
111,
0,
2,
0,
69,
171,
10,
4,
127,
3,
2,
1,
237,
5,
204,
1,
59,
0,
4,
44,
231,
40,
10,
215,
33,
6,
234,
139,
22,
4,
48,
31,
207,
25,
3,
9,
113,
1,
2,
0,
111,
18,
0,
83,
18,
6,
1,
185,
0,
1,
157,
16,
1,
3,
29,
166,
7,
0,
212,
2,
113,
98,
202,
44,
5,
108,
0,
66,
16,
21,
25,
8,
3,
9,
6,
1,
63,
0,
15,
109,
230,
0,
12,
41,
57,
6,
12,
0,
203,
0,
179,
2,
27,
0,
2,
109,
51,
45,
189,
22,
209,
58,
2,
2,
93,
0,
6,
17,
101,
2,
34,
0,
7,
2,
166,
11,
133,
0,
0,
1,
85,
1,
25,
0,
26,
58,
0,
37,
10,
17,
0,
67,
0,
106,
6,
246,
23,
0,
61,
54,
0,
26,
19,
4,
2,
197,
245,
0,
1,
29,
16,
12,
95,
9,
189,
0,
0,
1,
30,
44,
0,
0,
25,
24,
1,
4,
0,
1,
3,
28,
16,
64,
5,
153,
2,
39,
203,
2,
34,
77,
14,
242,
0,
0,
0,
85,
68,
139,
14,
0,
237,
4,
38,
10,
6,
5,
5,
0,
17,
14,
1,
5,
169,
2,
0,
203,
167,
34,
0,
13,
11,
78,
21,
8,
0,
16,
226,
78,
113,
0,
27,
207,
1,
0,
16,
37,
3,
0,
143,
209,
1,
1,
4,
1,
2,
2,
0,
1,
1,
24,
2,
11,
1,
142,
8,
15,
7,
233,
116,
4,
0,
1,
15,
122,
0,
221,
4,
0,
0,
4,
10,
0,
13,
4,
1,
17,
7,
4,
0,
5,
0,
2,
2,
3,
13,
40,
10,
26,
4,
0,
20,
19,
19,
107,
3,
0,
6,
5,
4,
1,
7,
101,
9,
131,
11,
78,
7,
32,
7,
74,
4,
8,
0,
13,
7,
5,
18,
193,
21,
222,
0,
3,
8,
47,
1,
0,
24,
121,
13,
130,
76,
0,
0,
23,
0,
17,
0,
1,
0,
7,
1,
3,
13,
82,
7,
37,
1,
21,
214,
1,
16,
234,
19,
0,
7,
14,
15,
18,
40,
22,
0,
11,
76,
8,
7,
123,
0,
215,
0,
0,
29,
0,
40,
46,
16,
46,
4,
28,
201,
84,
26,
27,
37,
43,
0,
88,
22,
63,
161,
15,
28,
13,
108,
0,
2,
2,
5,
0,
9,
11,
99,
195,
196,
16,
1,
0,
1,
0,
4,
14,
8,
26,
25,
1,
59,
24,
122,
2,
98,
-48,
-1,
-27,
-15,
-21,
-3,
-5,
-233,
-121,
-178,
-2,
0,
0,
0,
-15,
-205,
0,
-25,
-6,
-64,
-241,
-10,
-53,
-49,
-83,
-95,
-13,
-137,
0,
0,
-224,
-46,
-44,
0,
-9,
0,
0,
-4,
-3,
-107,
-214,
-112,
-23,
-1,
-1,
-104,
0,
-38,
-62,
-43,
-1,
-67,
-183,
0,
-5,
-104,
-68,
-245,
-124,
-1,
-202,
-46,
-35,
-76,
-7,
-9,
-103,
-11,
-243,
-211,
-4,
0,
0,
0,
-10,
-215,
-239,
-61,
-11,
-2,
-3,
-100,
0,
0,
-4,
0,
-102,
0,
-3,
-14,
-155,
-2,
-118,
-23,
-146,
0,
-28,
-11,
-12,
-13,
-4,
-9,
-41,
-3,
0,
-40,
-53,
-22,
-1,
-5,
-148,
-1,
0,
-2,
-132,
-2,
-7,
-37,
-6,
-4,
-33,
-51,
-133,
-19,
-12,
-3,
-14,
-217,
-23,
0,
-37,
-26,
-83,
-52,
-26,
-3,
-55,
-1,
0,
-43,
-169,
-3,
-13,
-1,
0,
-36,
-5,
-20,
-177,
-14,
-1,
-3,
-2,
-50,
0,
-2,
-1,
-2,
-57,
0,
0,
-132,
-14,
0,
-14,
0,
-1,
-125,
-4,
-234,
-18,
-22,
-2,
-12,
-182,
-1,
-147,
0,
-2,
-33,
-2,
0,
-1,
0,
-22,
-47,
-3,
-25,
0,
-9,
0,
-43,
-7,
-84,
-22,
-33,
-8,
-4,
-2,
-53,
-1,
0,
-157,
-37,
-153,
0,
-1,
-18,
-206,
-3,
0,
0,
-84,
-33,
-7,
-10,
-89,
-14,
-19,
-21,
-5,
0,
-37,
-43,
0,
-11,
-38,
-75,
-46,
-4,
0,
-4,
-13,
-195,
-38,
0,
-11,
-139,
-1,
-4,
-39,
0,
-2,
-9,
-6,
-1,
-2,
-18,
-1,
-4,
-1,
-14,
-4,
-3,
-94,
-33,
0,
-172,
-119,
-103,
-5,
-5,
-13,
0,
0,
-69,
-2,
-46,
-6,
-2,
-2,
0,
0,
-3,
-94,
-98,
-2,
-24,
-10,
-6,
-104,
-84,
0,
-2,
-95,
-7,
-52,
-119,
-2,
-230,
-89,
-62,
-4,
0,
-2,
-2,
0,
-2,
-1,
0,
-69,
-203,
-1,
-157,
0,
-216,
-6,
-12,
0,
0,
-103,
-2,
-1,
0,
-80,
-3,
-14,
-12,
-15,
-4,
0,
-1,
-5,
-150,
-17,
-118,
-30,
-11,
-6,
-33,
0,
-1,
-52,
-164,
-5,
-5,
0,
0,
-13,
-168,
0,
-3,
-19,
-4,
0,
-63,
0,
-13,
-5,
-33,
-23,
-1,
-5,
-248,
-2,
0,
-7,
-20,
0,
-122,
-11,
-14,
-40,
-20,
-173,
-5,
0,
-1,
-6,
-29,
-43,
-179,
-187,
-24,
-46,
0,
0,
0,
-176,
-55,
-1,
-195,
0,
-1,
-26,
-67,
-4,
0,
-19,
-91,
-33,
-6,
-6,
-18,
-1,
-157,
-2,
-90,
0,
-62,
-15,
-13,
-20,
-2,
-22,
0,
-105,
-82,
-2,
-7,
-51,
-200,
-10,
-47,
-7,
-6,
-1,
-52,
-37,
0,
-57,
-8,
-216,
-3,
-1,
-92,
-34,
-23,
0,
-22,
-92,
-2,
-2,
-16,
-5,
-1,
-221,
-5,
0,
0,
-1,
-5,
0,
-9,
-46,
0,
-213,
-13,
-13,
-16,
-2,
-7,
0,
-54,
0,
-39,
-1,
0,
-207,
-10,
-107,
-8,
-3,
-38,
0,
-3,
-12,
-19,
-19,
0,
-1,
-20,
-227,
-2,
-102,
-11,
-19,
0,
-20,
-220,
-1,
-11,
-37,
-214,
-2,
-79,
-3,
-6,
-1,
-2,
-31,
-4,
-23,
-8,
-18,
-3,
-9,
-4,
-23,
0,
0,
-149,
-1,
-74,
-39,
-108,
0,
-181,
-30,
-124,
-22,
-21,
-148,
-75,
-5,
-2,
-51,
0,
0,
-1,
-6,
-123,
0,
-184,
-136,
-3,
-4,
-9,
0,
-47,
-31,
-11,
-96,
-95,
0,
-90,
-1,
-16,
-2,
-7,
-3,
0,
-6,
-6,
-5,
-1,
-67,
-1,
-1,
-12,
-1,
-213,
-7,
-14,
-93,
0,
0,
-21,
0,
-6,
-6,
-13,
-6,
-53,
-12,
-65,
-8,
0,
-4,
-10,
-99,
-15,
-118,
-23,
-21,
-42,
-3,
-29,
-119,
-56,
0,
0,
-3,
-18,
-5,
-43,
0,
0,
-80,
-20,
-23,
-9,
-3,
0,
0,
-15,
-117,
-180,
-1,
0,
-1,
0,
-149,
-8,
-141,
-52,
0,
-2,
0,
-50,
0,
-3,
-49,
-61,
-4,
-18,
-6,
-3,
-99,
-3,
0,
0,
-5,
-22,
-6,
-48,
-2,
-96,
-20,
-3,
-27,
-1,
-24,
-238,
-1,
-18,
-168,
0,
-67,
0,
-238,
-27,
-2,
-48,
-3,
-67,
-156,
-6,
-8,
-11,
-49,
-3,
-1,
-22,
-3,
0,
-209,
-203,
-2,
-1,
0,
-4,
-5,
-1,
-3,
-44,
-11,
-44,
-3,
0,
-2,
0,
-51,
-143,
0,
0,
-38,
-21,
-26,
-58,
-1,
-175,
-18,
-37,
-1,
-115,
0,
0,
-153,
-9,
0,
-6,
-7,
0,
-1,
-40,
-74,
-2,
-72,
-2,
-3,
-186,
-193,
-1,
0,
-1,
-11,
-39,
-31,
-251,
-9,
-1,
-1,
0,
-156,
-60,
-3,
-5,
-4,
-14,
0,
-6,
-146,
-60,
-206,
0,
-5,
-32,
-41,
-21,
-4,
-84,
-20,
-7,
0,
-19,
-32,
-16,
-14,
-38,
-3,
-7,
0,
0,
-39,
-144,
-168,
0,
0,
-6,
-78,
0,
-125,
-17,
0,
-216,
-15,
-5,
-174,
-45,
-11,
0,
-13,
-109,
-48,
0,
-26,
-4,
-1,
-4,
-8,
-145,
-89,
-36,
0,
-5,
-107,
-44,
-11,
-4,
-205,
0,
0,
-15,
-107,
-71,
-68,
-59,
-19,
-45,
-16,
-1,
-2,
0,
0,
-119,
-1,
-32,
-44,
-4,
-154,
-2,
0,
-1,
-3,
-27,
-4,
-65,
0,
-4,
-26,
-28,
-1,
0,
-50,
-42,
-199,
-43,
-61,
-19,
0,
-122,
-9,
-87,
-79,
-13,
-34,
-20,
-5,
0,
-114,
0,
-3,
-182,
-176,
-5,
0,
-10,
-134,
-9,
-4,
-17,
0,
-48,
-1,
-94,
0,
-30,
-45,
-36,
-6,
-20,
-30,
-69,
-34,
-1,
0,
0,
-14,
-13,
0,
-234,
-1,
-2,
-72,
-231,
-131,
-1,
-2,
-250,
0,
-12,
0,
-26,
-224,
-76,
0,
-110,
-114,
-25,
-79,
-245,
0,
-91,
-66,
0,
-5,
0,
-28,
-3,
-15,
-54,
-2,
-8,
0,
0,
-2,
-7,
-5,
-191,
-177,
-1,
-5,
-110,
-71,
-2,
-11,
-4,
-5,
-62,
-85,
-26,
-97,
-3,
-132,
-54,
-165,
-13,
-62,
-11,
-35,
-6,
-6,
-193,
-10,
-95,
-5,
-4,
0,
-3,
0,
-28,
-49,
-2,
0,
-42,
0,
-82,
-28,
-3,
0,
-39,
-14,
-5,
-5,
-6,
-82,
-117,
-218,
-25,
-118,
-1,
-221,
-54,
-1,
-40,
-10,
0,
-9,
-2,
0,
-4,
-19,
-2,
-34,
-12,
-33,
0,
-44,
-12,
-1,
-12,
-14,
-254,
-30,
-7,
-3,
0,
-37,
-83,
-8,
-2,
-112,
-11,
-3,
-91,
0,
-212,
-5,
-4,
-12,
-82,
-2,
-1,
-107,
-25,
-40,
-74,
-20,
-164,
-10,
-2,
-7,
-2,
-68,
0,
-2,
-56,
-2,
-7,
-9,
-9,
0,
-6,
-10,
-2,
0,
-155,
-8,
-166,
-5,
-12,
-15,
-13,
0,
-61,
-22,
-86,
-4,
-1,
-7,
-96,
-3,
-7,
-6,
-5,
-12,
-182,
-8,
-1,
-8,
-1,
-5,
-11,
-103,
-216,
-57,
-1,
-2,
0,
-34,
-234,
-15,
-186,
0,
0,
-136,
-20,
-7,
-60,
-73,
-116,
-8,
-89,
0,
0,
0,
-1,
-7,
-130,
-7,
-74,
-66,
-10,
-3,
0,
-15,
-16,
-188,
-1,
0,
-5,
-2,
0,
0,
-6,
-1,
-1,
-8,
-152,
-6,
0,
-96,
0,
-58,
-53,
-41,
-2,
-3,
0,
-8,
-141,
-8,
-8,
0,
-158,
-14,
-33,
-22,
-111,
-74,
-2,
0,
-17,
0,
0,
-5,
-41,
-29,
-33,
-130,
-26,
-202,
0,
-18,
-6,
-18,
-1,
0,
-57,
-1,
-179,
-2,
-1,
-2,
-75,
-10,
-17,
-14,
-28,
-8,
0,
-192,
-6,
-82,
-27,
-120,
-99,
-3,
-71,
-39,
-192,
0,
-30,
-67,
-2,
-189,
-168,
-131,
-40,
-3,
-111,
-21,
-8,
-181,
-18,
-190,
-51,
-30,
-14,
-3,
-4,
-3,
-93,
-39,
-208,
-38,
0,
-69,
0,
-7,
0,
-19,
-37,
-39,
-10,
-2,
-184,
-67,
-7,
-2,
-253,
-160,
-24,
-11,
-117,
-1,
-24,
-11,
-4,
-3,
-33,
-84,
0,
-5,
-49,
-148,
0,
-3,
-39,
-11,
-3,
-7,
-85,
-38,
-11,
-2,
0,
-237,
-82,
-155,
-105,
-230,
-54,
0,
-1,
-6,
-20,
-3,
-22,
-1,
0,
-172,
-10,
-9,
-74,
0,
0,
-2,
-2,
-1,
-105,
-34,
-1,
-11,
-1,
-90,
-4,
-32,
-50,
-16,
-3,
-36,
-20,
-1,
-4,
-178,
-5,
-5,
-78,
0,
-2,
0,
-3,
-204,
-5,
-2,
-53,
-11,
-236,
-56,
-106,
-1,
-17,
0,
-35,
-174,
-1,
-42,
0,
-56,
-87,
-26,
-155,
-21,
0,
-141,
0,
-27,
-67,
0,
-5,
-212,
0,
0,
-121,
-105,
0,
-170,
-13,
-14,
-8,
-2,
-89,
-24,
-85,
-9,
0,
0,
-91,
-52,
-1,
-3,
-198,
-2,
-24,
-2,
-40,
-1,
-32,
-245,
-33,
0,
0,
-92,
-22,
-190,
0,
-246,
-9,
-1,
0,
-37,
0,
-43,
-9,
-145,
-84,
-70,
-7,
-1,
-79,
0,
-1,
0,
0,
-7,
-134,
-53,
-95,
0,
-5,
-120,
-12,
-49,
-85,
-22,
0,
0,
-56,
0,
-1,
-43,
-2,
-10,
-3,
0,
0,
-6,
-8,
-1,
-4,
-4,
-3,
-77,
-4,
-17,
-1,
-87,
-58,
-37,
-2,
-134,
-14,
-31,
-18,
-49,
-14,
0,
-70,
-1,
0,
-3,
-1,
-64,
-127,
0,
-1,
0,
-1,
-50,
0,
-13,
-4,
-22,
0,
-24,
-69,
0,
-6,
-193,
0,
-3,
-86,
-189,
-1,
-183,
-101,
-6,
-142,
-14,
-7,
-89,
-88,
-136,
-1,
-28,
-1,
-133,
-49,
-29,
-3,
-45,
-31,
-1,
0,
0,
-24,
-8,
0,
0,
-31,
-6,
-2,
-2,
0,
-15,
-115,
-14,
0,
0,
-25,
-169,
-3,
-1,
-13,
-4,
-1,
-140,
-2,
0,
-1,
0,
0,
-8,
-47,
-174,
-16,
-99,
-56,
-20,
-1,
-14,
0,
-8,
-188,
-57,
-47,
-5,
-52,
-32,
-17,
-17,
-54,
-208,
-26,
-105,
-25,
-1,
-4,
-1,
-32,
-2,
-1,
0,
-11,
-35,
-1,
-12,
-79,
-159,
-13,
-114,
-1,
-32,
-195,
-67,
-1,
0,
-29,
-176,
-146,
-10,
0,
-1,
-5,
-38,
-10,
0,
-133,
-5,
-18,
-254,
-98,
-88,
-1,
-5,
0,
-5,
0,
-24,
-13,
-1,
0,
-2,
-3,
-1,
-221,
-24,
0,
-1,
-59,
-122,
-3,
-72,
-1,
-180,
-18,
-2,
0,
-37,
0,
0,
-22,
0,
-10,
0,
0,
-9,
-10,
-32,
-3,
-1,
0,
-76,
-4,
-37,
0,
0,
-144,
0,
-7,
0,
-55,
0,
-1,
-225,
-58,
-14,
-10,
-131,
-220,
-125,
0,
-48,
-128,
-55,
-2,
-14,
-56,
-3,
-1,
-67,
-2,
-65,
0,
-146,
-163,
-130,
-5,
-45,
-4,
-4,
-177,
-243,
-1,
-14,
-53,
-2,
-22,
-5,
-60,
-1,
0,
-5,
-109,
-5,
-11,
-8,
-107,
-19,
-6,
-121,
0,
-18,
0,
-16,
-10,
-4,
-8,
-111,
-15,
0,
-183,
-2,
-1,
-1,
0,
-137,
-69,
-2,
-22,
-2,
-2,
-33,
-4,
-71,
-75,
-1,
-4,
-148,
0,
-15,
-88,
-3,
-78,
0,
-17,
0,
-23,
-1,
-9,
-3,
-1,
-79,
-9,
-19,
-25,
-16,
-192,
-133,
0,
-23,
-9,
-17,
-108,
-4,
-126,
-4,
-70,
0,
-24,
-1,
-6,
-71,
-64,
-107,
-44,
0,
0,
-7,
-1,
-27,
-31,
-6,
-95,
-116,
-33,
-33,
-44,
0,
-10,
-1,
-193,
-123,
-112,
-10,
-46,
0,
-19,
-40,
-114,
0,
-10,
0,
-51,
-53,
0,
-49,
-34,
-228,
0,
-1,
-58,
-204,
-10,
-118,
0,
-66,
-157,
0,
0,
0,
-204,
-35,
0,
-245,
-103,
-77,
-25,
-2,
-31,
0,
-11,
-5,
0,
-150,
-2,
-1,
-20,
-4,
-1,
0,
0,
-20,
-56,
-1,
-147,
-1,
-141,
0,
-5,
-204,
-42,
-1,
-213,
-6,
-15,
-18,
-10,
-39,
-28,
0,
-24,
0,
-205,
-130,
-35,
-6,
-47,
-108,
-2,
-63,
-3,
-1,
0,
-216,
-64,
-20,
-12,
0,
0,
-35,
-3,
-126,
-62,
-17,
-130,
-16,
-68,
-43,
-50,
-92,
0,
-80,
-6,
-4,
0,
0,
0,
-125,
-200,
-2,
-1,
-8,
-208,
-70,
0,
-49,
-5,
-12,
-49,
-34,
-1,
-7,
-21,
-5,
-61,
-25,
-73,
0,
-96,
-159,
-21,
-65,
-14,
-23,
-126,
-21,
-2,
0,
-29,
-21,
-12,
-38,
-1,
0,
-2,
-5,
-46,
-211,
-5,
-24,
-8,
-55,
-35,
-22,
-40,
-100,
0,
-1,
-17,
-194,
-18,
-5,
-13,
-19,
-8,
-4,
-5,
0,
-8,
-185,
-27,
-17,
-30,
-34,
-17,
-1,
-19,
-158,
-6,
-1,
-10,
-1,
-74,
-64,
-155,
-43,
-23,
-4,
-2,
0,
-1,
-1,
-27,
-7,
0,
-33,
-36,
-43,
-80,
-1,
-40,
-181,
0,
-5,
-23,
-6,
-140,
-145,
0,
-3,
-8,
-1,
-141,
-80,
0,
0,
0,
0,
-1,
-27,
0,
-32,
-13,
-76,
-20,
-2,
-20,
-190,
-5,
0,
-24,
0,
-146,
-52,
-21,
-12,
0,
-38,
-34,
-3,
-22,
-3,
-93,
-25,
-13,
-1,
-7,
-17,
-60,
-8,
-250,
-6,
-3,
-83,
-155,
-5,
-2,
-149,
-84,
-1,
-1,
-57,
-5,
-36,
-38,
-1,
-89,
-18,
-24,
-121,
-2,
-1,
-7,
-16,
-21,
0,
0,
-12,
-66,
0,
0,
-151,
-20,
-153,
-51,
-2,
-16,
-4,
-7,
-10,
-79,
-22,
-57,
-25,
-6,
-10,
-19,
-61,
-47,
0,
-3,
-3,
-1,
0,
-32,
-216,
-3,
0,
0,
-5,
-1,
0,
-1,
-11,
0,
-69,
-186,
-92,
-34,
0,
-26,
-29,
-77,
-70,
0,
-3,
-35,
-5,
-9,
-149,
0,
-28,
-1,
-92,
-18,
0,
-119,
-5,
-118,
0,
-27,
-152,
-20,
0,
-8,
-2,
-12,
0,
-79,
-3,
-1,
-146,
-3,
-4,
0,
-57,
-110,
-22,
-213,
0,
-3,
0,
-185,
-12,
-6,
-25,
-150,
0,
-10,
-5,
-10,
-6,
-35,
-4,
-2,
-1,
-11,
-1,
-94,
-5,
0,
-5,
-54,
-3,
-1,
-67,
0,
-4,
-1,
-13,
-4,
-1,
-229,
-5,
-2,
-29,
-2,
-2,
0,
-2,
-1,
-4,
-169,
-4,
-7,
-3,
-2,
-12,
-3,
-1,
-5,
-83,
-1,
-18,
-7,
-37,
0,
-27,
-119,
-159,
-5,
-20,
-90,
0,
-23,
-9,
-184,
0,
-106,
0,
-4,
-120,
-131,
-97,
0,
-4,
-2,
0,
-1,
-2,
-12,
-54,
-37,
-6,
-10,
0,
-11,
-1,
0,
-16,
-28,
0,
-2,
-4,
-1,
-2,
-141,
-17,
-149,
-173,
-65,
-35,
-4,
-166,
-5,
-2,
-124,
0,
-4,
-9,
-10,
-143,
-79,
-3,
-56,
-4,
-3,
-1,
-108,
-13,
0,
-121,
-52,
-49,
-7,
0,
-9,
-30,
-107,
-6,
-37,
-15,
-128,
-66,
-2,
-105,
-132,
-35,
-91,
0,
-77,
-1,
-4,
-95,
-219,
-7,
-58,
-2,
-152,
-3,
-133,
-100,
-1,
-21,
-53,
-117,
0,
-115,
-84,
-36,
-46,
-4,
0,
-190,
-145,
-3,
-1,
-8,
-8,
-85,
-85,
-72,
-115,
-56,
-17,
-3,
-73,
-106,
-80,
-51,
0,
-1,
-24,
-37,
-6,
-22,
-111,
-41,
-17,
-86,
-58,
-154,
-1,
-29,
-188,
-15,
-7,
-44,
0,
0,
-32,
-19,
-4,
-4,
-12,
0,
-2,
-56,
-7,
-149,
0,
-1,
0,
-5,
0,
-5,
-176,
-1,
-20,
-60,
-1,
-19,
-66,
-3,
-54,
-112,
-76,
0,
0,
-11,
-34,
-2,
-44,
-16,
-4,
-186,
-1,
-17,
-96,
-3,
-232,
-1,
-247,
-164,
-21,
-105,
-38,
-31,
0,
-34,
-18,
0,
-111,
0,
-21,
-146,
-14,
-97,
-108,
-10,
0,
0,
-31,
0,
-22,
-115,
-2,
-37,
-118,
0,
-7,
-26,
-2,
-12,
0,
-2,
-38,
-213,
-30,
-7,
-9,
-14,
-71,
0,
-6,
-32,
-16,
-33,
0,
-25,
-184,
0,
0,
-150,
0,
-19,
-36,
-3,
-1,
-2,
-3,
-14,
-2,
-80,
-173,
-222,
-9,
-8,
-182,
-50,
-11,
-144,
-21,
-12,
-139,
-2,
-144,
0,
-3,
-38,
-74,
-67,
-6,
-4,
-14,
-26,
-11,
-13,
-4,
-56,
-12,
-37,
-25,
0,
-45,
-60,
-50,
-11,
-2,
0,
-12,
-1,
-57,
-205,
-70,
0,
-150,
-56,
-6,
-1,
-93,
-17,
-158,
-204,
-4,
-13,
-58,
-90,
-2,
-1,
0,
-16,
-20,
-1,
0,
-96,
0,
-39,
0,
-5,
-39,
-1,
-8,
0,
-8,
-34,
-2,
-6,
0,
-3,
-91,
-146,
-5,
0,
-40,
-31,
0,
-6,
-91,
-59,
-16,
-189,
-103,
-27,
-82,
-25,
-99,
-23,
-148,
-130,
-242,
-4,
-46,
0,
-4,
0,
0,
-1,
-29,
-150,
0,
-11,
0,
-35,
0,
-229,
0,
-2,
-24,
0,
-12,
-8,
0,
-1,
0,
-8,
-129,
-57,
-140,
-8,
-130,
-47,
-122,
-15,
-155,
-2,
0,
-4,
-6,
-60,
-3,
-100,
0,
0,
-4,
-1,
-38,
-4,
-155,
-3,
0,
0,
0,
-241,
-30,
-61,
-3,
-6,
-3,
-1,
-171,
-2,
-1,
-201,
0,
0,
-12,
-8,
0,
-47,
-7,
-1,
-23,
-30,
0,
0,
-1,
-133,
-1,
-72,
-10,
-1,
-10,
0,
-206,
0,
-1,
0,
0,
-5,
0,
-2,
-7,
-8,
-107,
-2,
-19,
-27,
-49,
-39,
-12,
-152,
-3,
-3,
-39,
-34,
-1,
0,
-107,
-3,
-3,
-1,
0,
-29,
-4,
-20,
-9,
0,
0,
-122,
-3,
-32,
0,
-3,
-34,
-46,
-87,
-176,
-2,
-7,
-4,
-32,
-102,
-32,
-41,
-97,
0,
-1,
-109,
-1,
-122,
-20,
-69,
-19,
0,
0,
-9,
-2,
-1,
-60,
-3,
-45,
-98,
0,
-12,
-1,
-225,
-2,
-40,
0,
-14,
-3,
-22,
-1,
-143,
-119,
-26,
-15,
-1,
-11,
-10,
-51,
-2,
-5,
-226,
-3,
-112,
-36,
-40,
-179,
-30,
-31,
-75,
-11,
-82,
0,
-10,
-251,
-2,
-1,
-8,
-17,
-6,
-2,
0,
0,
-62,
0,
-182,
-10,
-5,
-26,
-160,
-11,
-3,
-17,
-173,
-6,
-31,
0,
-4,
-5,
-25,
-144,
-139,
-2,
-6,
-97,
-193,
-227,
-78,
0,
-8,
0,
0,
-221,
-5,
-230,
-1,
0,
-151,
-26,
-43,
-127,
-5,
-8,
-3,
-123,
-10,
-3,
-126,
0,
-9,
-12,
-14,
-105,
-30,
-159,
0,
-25,
0,
-181,
-3,
-85,
-89,
0,
-48,
-72,
-2,
-1,
-2,
0,
0,
-53,
-41,
-109,
-20,
-2,
-158,
-247,
-28,
-25,
-1,
-18,
-37,
-69,
-1,
-1,
-28,
0,
-6,
0,
-20,
-26,
0,
-129,
-192,
0,
-22,
-161,
-135,
-26,
0,
-31,
-4,
-5,
-68,
-41,
-1,
-249,
-4,
-55,
-4,
-6,
-115,
0,
0,
-173,
-116,
-1,
-1,
-3,
0,
-106,
-157,
-11,
-162,
-28,
-2,
-4,
-4,
-78,
-20,
0,
-174,
-1,
-7,
-4,
-1,
-18,
-2,
-51,
-2,
-36,
-4,
-16,
-74,
-4,
-6,
-115,
-3,
-15,
0,
-63,
-102,
-15,
-4,
-44,
-1,
-218,
-4,
-73,
-17,
-69,
-5,
-49,
-74,
-96,
-3,
0,
0,
-4,
-16,
-228,
-13,
-55,
-4,
-3,
-24,
-13,
-17,
-106,
-8,
-47,
-34,
-19,
-223,
-1,
-128,
-4,
-39,
-1,
-1,
-210,
-18,
0,
-8,
-2,
-33,
-1,
-1,
-89,
-220,
-37,
0,
-98,
-3,
-5,
-11,
-6,
-7,
-176,
-2,
-199,
-128,
-11,
-78,
0,
-1,
0,
-9,
0,
-2,
0,
-55,
-4,
-15,
-49,
0,
-48,
-18,
-39,
-64,
-3,
-2,
0,
-1,
-49,
-36,
-39,
-228,
-172,
0,
0,
0,
-43,
0,
0,
-2,
-155,
-9,
-2,
-21,
-5,
-52,
-17,
-37,
-32,
-62,
-7,
-22,
-16,
-23,
-117,
-1,
-5,
-1,
-21,
-6,
-1,
0,
0,
0,
-214,
-6,
-131,
-8,
0,
-3,
-8,
-22,
-13,
-18,
-90,
0,
-4,
-15,
-116,
-14,
-1,
-2,
-57,
-77,
-39,
-3,
-1,
0,
-15,
-164,
-2,
0,
0,
-16,
-60,
0,
0,
-2,
-1,
-6,
-12,
-16,
-73,
-94,
-96,
-108,
0,
-48,
-2,
-57,
-98,
-149,
-97,
-11,
-4,
-12,
-120,
-1,
-238,
-191,
-29,
-233,
-8,
0,
-51,
-2,
0,
-163,
-6,
0,
0,
0,
-26,
-40,
-194,
-5,
-2,
-7,
-21,
-4,
-4,
-6,
-113,
0,
-109,
-19,
-214,
-4,
0,
-68,
-16,
-239,
0,
-72,
-39,
-10,
-224,
-32,
-59,
0,
-14,
-9,
-9,
-16,
-27,
-131,
0,
-4,
-93,
0,
-6,
-20,
-14,
0,
-2,
-73,
-4,
-11,
-200,
-240,
-24,
-4,
-46,
-45,
-5,
-23,
-8,
-34,
-19,
-19,
-145,
-66,
0,
-1,
-76,
-13,
-5,
-21,
-255,
0,
-71,
-158,
-65,
-136,
-2,
-3,
0,
-2,
-37,
-28,
-123,
-1,
-40,
-23,
-9,
-229,
0,
-27,
-54,
-149,
-25,
-7,
-6,
-240,
-7,
0,
-16,
-2,
-19,
0,
-3,
-10,
-1,
-4,
-210,
-29,
0,
-7,
-28,
-10,
-3,
-45,
-7,
-45,
-1,
0,
-128,
-43,
-5,
-5,
0,
0,
-60,
-1,
-23,
-2,
-3,
-5,
-7,
-10,
0,
-3,
-2,
-63,
-97,
-71,
-4,
-3,
-52,
-157,
0,
-101,
-46,
-54,
-32,
-114,
0,
-3,
-6,
0,
-33,
-4,
-107,
0,
-140,
0,
-27,
-38,
-4,
0,
-27,
-8,
-66,
-10,
0,
0,
-36,
-145,
-76,
0,
-1,
-15,
-6,
-109,
-94,
-5,
-2,
-55,
-250,
-2,
-1,
-49,
0,
-78,
-14,
-50,
0,
-140,
-132,
-44,
0,
-116,
-4,
-206,
-2,
-54,
-13,
-149,
0,
-6,
-1,
-6,
-9,
-175,
-5,
-1,
-6,
-11,
-9,
-14,
-29,
-4,
-206,
-26,
-3,
-239,
-33,
-3,
-3,
0,
-94,
-4,
-205,
0,
-29,
-166,
-4,
-4,
-92,
-12,
-14,
-6,
-12,
-2,
0,
-25,
-1,
0,
-152,
-241,
-24,
0,
-136,
-45,
-36,
-37,
-68,
-9,
-46,
-225,
-22,
-29,
-239,
-24,
-193,
0,
-5,
0,
0,
-16,
-38,
-1,
-91,
-100,
-12,
-2,
-1,
-4,
-40,
-67,
-7,
-80,
-32,
-22,
-5,
0,
0,
-240,
-6,
-56,
-4,
-244,
-82,
-1,
-1,
0,
-118,
-16,
-23,
-51,
-155,
-5,
-18,
-66,
0,
-2,
-13,
-4,
-63,
-26,
-93,
-2,
0,
-3,
-5,
0,
-3,
0,
-39,
0,
-31,
-1,
-94,
-8,
0,
0,
0,
-1,
-46,
-10,
0,
-6,
0,
0,
-3,
-2,
0,
-87,
-70,
-1,
-2,
-6,
-1,
-12,
-7,
-134,
0,
0,
-13,
0,
0,
-82,
0,
0,
-116,
-1,
-7,
0,
-100,
-37,
-4,
0,
-117,
-76,
-3,
-6,
-244,
-6,
-5,
-16,
-6,
-58,
0,
-2,
-116,
-31,
-2,
-19,
-53,
0,
-81,
-1,
-10,
-56,
-2,
0,
-10,
-58,
-88,
0,
-5,
-91,
-3,
-4,
-85,
-89,
-155,
-9,
-94,
-21,
-181,
-89,
-6,
-246,
-55,
-17,
-51,
-14,
-74,
-4,
-24,
-14,
-8,
-6,
-56,
-49,
-109,
-25,
-2,
0,
-1,
-16,
-5,
-22,
0,
-67,
-6,
-6,
-14,
-18,
-50,
-3,
-8,
0,
0,
-60,
0,
0,
-38,
-14,
-24,
-2,
-2,
-1,
-255,
-110,
-3,
-240,
-199,
-2,
-247,
-165,
-8,
-12,
-89,
-66,
-8,
0,
-11,
-57,
0,
-21,
-42,
-9,
-57,
0,
-69,
-8,
-51,
-19,
-3,
-22,
-12,
0,
-108,
-99,
-5,
-84,
-13,
-89,
-26,
-3,
0,
-55,
-75,
0,
-138,
0,
0,
-149,
0,
-63,
-1,
-3,
-50,
-1,
-23,
-33,
-4,
-206,
-175,
-2,
-113,
-16,
0,
-2,
-1,
-2,
-1,
0,
-58,
-9,
-71,
-12,
-43,
-235,
-140,
-5,
-118,
-13,
-16,
-15,
-4,
-71,
0,
-1,
-106,
-153,
-26,
-35,
-28,
0,
-14,
-19,
-1,
-28,
-121,
-33,
0,
-12,
-2,
-58,
-16,
-1,
-2,
-8,
-1,
-4,
-17,
-220,
-6,
-2,
-4,
-4,
-219,
-13,
-74,
-8,
-9,
-3,
-9,
-18,
-37,
-95,
-230,
0,
-7,
-3,
-11,
0,
-229,
-65,
-4,
-15,
0,
-23,
-1,
-28,
-2,
-9,
-23,
-12,
0,
-5,
-7,
0,
-17,
-2,
-37,
-205,
-126,
0,
-4,
-7,
-3,
-9,
-2,
0,
-2,
-3,
-2,
-81,
-101,
-71,
-5,
-127,
-49,
-6,
-20,
-15,
-66,
-108,
0,
-33,
0,
0,
-40,
-4,
-20,
-2,
-198,
0,
-1,
-19,
-33,
0,
0,
-2,
0,
-11,
0,
-153,
0,
-8,
0,
-5,
-31,
-31,
-3,
0,
-251,
-165,
-102,
-209,
-1,
-2,
-4,
0,
0,
-2,
-3,
-32,
-139,
-2,
-4,
-71,
0,
0,
0,
-226,
-28,
-44,
-1,
-12,
0,
-144,
0,
-3,
-4,
0,
-210,
-1,
-124,
-15,
-218,
-23,
-48,
-68,
-23,
-4,
-11,
-56,
-1,
0,
-23,
-101,
-5,
-16,
-27,
-16,
-57,
0,
-104,
-9,
-62,
-6,
-3,
-58,
-40,
-4,
-10,
-6,
-75,
-10,
-66,
-243,
-13,
-26,
-1,
-73,
0,
0,
-8,
-19,
-2,
-4,
-170,
-13,
0,
0,
-2,
-1,
-1,
0,
-95,
-223,
-163,
-136,
0,
-80,
-37,
-22,
-56,
0,
-11,
-65,
-161,
-77,
-11,
-56,
-1,
0,
-2,
-66,
-14,
-88,
0,
-2,
-24,
-34,
-67,
-34,
-7,
-98,
0,
-54,
-160,
-116,
-6,
-9,
-146,
-132,
-91,
0,
0,
-11,
-2,
-26,
0,
-122,
-9,
-51,
-161,
-71,
-36,
-17,
-4,
-93,
-50,
-211,
-67,
0,
-6,
-45,
-1,
-3,
-46,
0,
-1,
-12,
-64,
-7,
0,
-173,
0,
-26,
-149,
-3,
0,
-15,
-30,
0,
-99,
-72,
-15,
-26,
-7,
0,
-45,
-8,
-181,
-7,
-17,
0,
-108,
-149,
-9,
0,
-6,
-5,
-1,
-13,
-47,
-53,
-2,
-2,
-24,
-65,
-3,
-4,
-1,
-3,
-231,
0,
-2,
-1,
-1,
-62,
-15,
-4,
0,
-6,
-137,
-152,
0,
-3,
-11,
-54,
0,
-212,
0,
-6,
-231,
-15,
-75,
-187,
-3,
-2,
-2,
-3,
-62,
0,
-25,
-15,
-210,
-17,
-14,
-1,
-2,
-22,
-65,
-91,
-144,
0,
-109,
-4,
-14,
-130,
0,
-2,
-2,
0,
-3,
-204,
-4,
-2,
-1,
-17,
-9,
-245,
-21,
-46,
-25,
0,
-1,
-36,
-129,
-15,
-2,
0,
-2,
-218,
-23,
-179,
0,
-3,
-2,
0,
-77,
-12,
-18,
0,
-50,
-18,
0,
-9,
-2,
-66,
0,
-21,
-47,
-6,
-27,
0,
-22,
0,
-81,
-230,
-11,
0,
-8,
-50,
0,
-14,
-13,
-48,
-32,
-53,
-184,
-12,
-180,
-43,
-190,
-3,
-8,
-147,
-1,
-4,
-63,
-236,
-19,
-4,
0,
-33,
0,
0,
-24,
-86,
-148,
-156,
-4,
-58,
-42,
0,
-1,
-7,
-11,
-60,
-2,
-1,
-70,
-213,
-1,
0,
-2,
-36,
-210,
-22,
-3,
-146,
-42,
-11,
-141,
-9,
-57,
-23,
-48,
-4,
-87,
-6,
0,
-75,
-6,
-23,
0,
-3,
-18,
-1,
-55,
-3,
0,
-1,
-6,
-11,
-1,
-15,
-62,
-37,
0,
-17,
-3,
0,
-1,
-20,
-121,
-1,
-20,
-29,
0,
-1,
-165,
-1,
-92,
-25,
-97,
-44,
0,
-8,
-1,
0,
-77,
-91,
-1,
-3,
-2,
-144,
-8,
-6,
-106,
-75,
-238,
-19,
-13,
-2,
0,
-14,
-1,
0,
-9,
-66,
-41,
0,
-53,
-2,
-3,
-1,
0,
-1,
-90,
-2,
-4,
-120,
-35,
-10,
-6,
-118,
-162,
-23,
-56,
0,
-8,
-44,
0,
0,
-1,
-209,
-35,
0,
-146,
-8,
-99,
-175,
-1,
-3,
-249,
-81,
-1,
-7,
-12,
-228,
-13,
-50,
0,
-8,
-7,
-1,
0,
-50,
-17,
-142,
-8,
0,
-14,
-76,
-80,
0,
-192,
-7,
-15,
-4,
-66,
-97,
-2,
-14,
-26,
-17,
-5,
-3,
-43,
0,
-3,
0,
-1,
-151,
-3,
-200,
-167,
-134,
0,
-93,
-97,
-4,
-8,
-4,
0,
-101,
-2,
-21,
-75,
0,
0,
-35,
-8,
0,
-1,
-2,
-8,
0,
-98,
-2,
-7,
-11,
-251,
-49,
-111,
0,
-51,
-2,
-87,
-28,
-34,
-1,
-114,
-14,
-30,
-133,
-52,
0,
0,
-115,
0,
-2,
-101,
0,
-8,
-62,
-74,
-1,
-56,
-3,
-1,
-52,
-17,
-63,
-1,
-2,
-4,
-1,
-69,
-6,
-96,
-25,
-7,
-199,
-13,
-226,
-40,
-9,
-110,
-1,
-82,
-5,
-188,
-1,
-1,
-24,
-16,
-3,
-15,
0,
-23,
-161,
-112,
-129,
-4,
0,
-1,
-62,
0,
-6,
-84,
0,
-2,
-150,
-147,
0,
0,
-5,
-87,
-20,
-5,
-4,
0,
-43,
-101,
0,
-16,
-6,
-12,
-89,
-11,
0,
-65,
-1,
-198,
-214,
-64,
-4,
0,
-5,
-153,
0,
-1,
-17,
-44,
-31,
-1,
-118,
-26,
0,
0,
-204,
0,
-1,
-20,
-100,
-9,
-4,
-3,
-6,
-85,
-4,
-1,
-85,
-20,
-47,
-20,
0,
-12,
0,
0,
-16,
-32,
-189,
-24,
-1,
0,
-15,
-54,
-88,
-68,
-19,
-77,
-2,
-1,
-13,
0,
-28,
-86,
-2,
-28,
-114,
-186,
-16,
-21,
-57,
0,
-135,
-7,
-228,
0,
-3,
-1,
-51,
-57,
-3,
-80,
-2,
0,
-6,
-30,
0,
-4,
-133,
-1,
0,
-6,
-222,
0,
-22,
-16,
0,
0,
-62,
-32,
-10,
-9,
-5,
-35,
-3,
-10,
0,
-7,
-5,
-1,
-1,
-13,
-107,
-3,
0,
-2,
-1,
-174,
-7,
0,
-4,
-3,
-1,
-131,
-132,
-4,
-115,
-23,
-18,
-2,
-30,
-42,
-18,
-69,
-2,
-2,
0,
-1,
-1,
-6,
0,
-8,
-4,
-203,
-16,
-23,
-56,
-1,
-2,
-2,
-34,
-42,
-2,
-3,
-198,
-1,
-123,
-5,
-9,
0,
-85,
-251,
-29,
-26,
-239,
-22,
-56,
-90,
0,
-43,
-8,
-163,
-50,
0,
-43,
-38,
-40,
-18,
-1,
0,
-8,
-75,
-131,
-9,
-12,
-52,
0,
-23,
-92,
-2,
-92,
0,
-113,
-43,
-50,
-232,
0,
0,
0,
0,
-1,
-8,
-30,
0,
-5,
-6,
-202,
-1,
-4,
-250,
-135,
-69,
0,
-6,
-231,
-130,
-35,
-3,
-3,
0,
-1,
-9,
-12,
-19,
0,
-134,
-2,
-29,
-10,
-11,
-52,
-171,
-1,
-167,
-3,
-4,
-214,
-15,
-21,
-5,
-244,
-10,
0,
-1,
-127,
0,
0,
0,
0,
-123,
-8,
0,
-3,
-11,
-1,
-20,
-26,
-105,
-115,
-12,
-24,
-3,
-85,
-27,
0,
-65,
-75,
-148,
0,
-21,
0,
0,
-5,
-21,
0,
0,
-113,
-2,
-239,
-8,
-1,
-8,
-101,
-4,
-6,
-10,
0,
0,
-1,
-235,
-1,
-3,
-12,
-10,
0,
0,
-29,
0,
0,
-150,
-35,
-2,
-3,
-2,
-51,
-1,
0,
0,
0,
-5,
-23,
0,
-22,
-59,
-49,
-153,
-5,
-1,
0,
-6,
-8,
-2,
-31,
-95,
0,
-16,
-83,
-4,
-3,
-135,
-57,
0,
-5,
0,
0,
-1,
0,
0,
-1,
-2,
0,
-9,
-33,
-26,
-42,
-185,
-233,
-10,
0,
-2,
-99,
0,
0,
0,
-6,
-1,
0,
0,
-4,
-207,
-3,
0,
-13,
-139,
-42,
-1,
0,
-165,
-194,
-68,
0,
0,
-70,
-34,
-4,
0,
0,
-6,
-5,
-188,
-79,
-22,
-36,
-130,
-15,
-90,
-16,
-22,
-113,
0,
-10,
-17,
-116,
-10,
-1,
-30,
-33,
0,
0,
-92,
-1,
-92,
-138,
-23,
0,
0,
-202,
-30,
-27,
0,
0,
-2,
0,
-1,
-67,
-13,
-29,
-165,
0,
0,
0,
-155,
-2,
-151,
-78,
-127,
0,
0,
-43,
-168,
0,
-127,
-1,
-234,
-47,
-2,
-70,
-2,
-140,
-5,
-137,
-23,
-3,
-9,
-8,
-141,
-49,
-50,
-3,
-15,
-132,
-89,
-179,
-181,
-1,
-244,
-9,
-179,
-19,
-10,
-63,
0,
-1,
-42,
-1,
-139,
-5,
0,
-5,
0,
-74,
-218,
-5,
-16,
-4,
0,
0,
-147,
-2,
-27,
-143,
-51,
-84,
-3,
0,
-2,
-6,
-7,
-50,
-72,
-26,
-34,
-31,
-8,
-1,
0,
0,
0,
-161,
-30,
0,
0,
-224,
-170,
0,
-54,
-84,
-10,
-153,
-218,
-2,
-4,
-145,
-4,
-183,
-1,
-25,
-234,
-3,
0,
-3,
-1,
-98,
0,
-29,
-16,
-1,
-38,
0,
-25,
-17,
0,
-1,
-3,
0,
-18,
-125,
-84,
0,
0,
-12,
-1,
0,
-122,
0,
-1,
-112,
-223,
-13,
0,
-6,
-3,
-9,
-34,
-1,
-1,
-4,
-1,
-4,
0,
-176,
-3,
-98,
-46,
-112,
-3,
-3,
-207,
-1,
-12,
-43,
0,
0,
-1,
-107,
0,
-28,
-78,
-164,
-3,
0,
-2,
-3,
-10,
-20,
-4,
-53,
-1,
-127,
-11,
0,
-133,
-9,
-11,
0,
0,
-14,
-24,
-251,
-2,
0,
-4,
0,
-107,
-20,
-83,
-8,
-3,
-95,
-57,
-57,
-2,
-12,
-13,
0,
0,
-14,
-13,
-179,
0,
0,
-10,
-3,
-4,
0,
-4,
-99,
-25,
-6,
0,
-36,
-1,
-4,
-44,
-1,
-25,
-10,
0,
-4,
-22,
-32,
0,
0,
0,
-17,
-8,
-30,
-58,
-85,
-60,
-59,
-121,
-1,
-6,
-8,
-223,
-19,
-167,
-1,
-132,
-50,
-120,
-9,
-128,
-63,
-59,
-191,
-1,
0,
-185,
0,
-129,
-140,
0,
-17,
-45,
-1,
0,
0,
-153,
-1,
-3,
-6,
-24,
-124,
-42,
-168,
-18,
-14,
-8,
-14,
-7,
-1,
-26,
0,
-215,
-2,
0,
0,
0,
0,
-19,
-1,
-161,
-5,
-3,
-11,
-29,
-19,
-90,
0,
-2,
-24,
-11,
0,
-66,
0,
0,
-3,
-7,
-10,
0,
0,
0,
-66,
-4,
-66,
-51,
-10,
-3,
-14,
-57,
0,
-4,
-224,
-38,
-15,
-229,
-150,
-16,
-12,
-203,
-8,
-14,
0,
-41,
-4,
-16,
-5,
-48,
-237,
-124,
-26,
-7,
-94,
-6,
-3,
-5,
-4,
-64,
-1,
0,
-71,
-2,
-34,
-193,
-5,
-227,
0,
0,
-17,
-4,
-63,
-158,
0,
0,
0,
-2,
-165,
-21,
0,
-1,
-5,
-138,
-53,
-4,
-92,
-22,
-214,
-2,
-2,
-45,
-36,
0,
0,
0,
-131,
0,
0,
-2,
-1,
-3,
-205,
-134,
-3,
-1,
-3,
-154,
-4,
-189,
-97,
-182,
-1,
-119,
-3,
-1,
-3,
-17,
-199,
-4,
-24,
-8,
-150,
-3,
-5,
-11,
0,
-1,
-2,
-5,
-3,
-56,
-7,
-3,
-20,
-2,
-63,
-4,
-173,
-17,
-5,
-2,
-250,
-1,
-10,
-5,
-20,
-4,
-155,
-55,
0,
0,
-6,
-27,
-17,
-31,
-172,
0,
0,
-2,
-1,
-173,
-7,
-93,
-58,
-23,
-10,
0,
-3,
-1,
-140,
-85,
-58,
-17,
-3,
0,
-2,
-33,
-108,
-7,
-109,
-1,
-10,
-60,
-68,
0,
0,
-98,
-5,
-12,
-3,
-4,
-228,
-5,
0,
-20,
-134,
0,
0,
-229,
-36,
-18,
-21,
-1,
-3,
-86,
0,
0,
0,
-68,
-94,
-14,
0,
0,
-4,
0,
-18,
0,
-4,
-25,
-14,
-173,
-49,
-38,
-1,
-65,
0,
-36,
-12,
-68,
-116,
-100,
-8,
-54,
-56,
0,
-66,
0,
-17,
0,
-98,
-21,
-20,
-135,
-3,
-46,
-4,
-2,
-11,
-1,
-9,
-14,
-80,
-2,
-92,
-69,
0,
-21,
-5,
-9,
-8,
-1,
-6,
-25,
-21,
-52,
-10,
-7,
-35,
-1,
-87,
-2,
-7,
-181,
-1,
0,
-6,
0,
-4,
-8,
-65,
-4,
-37,
-1,
0,
-165,
-50,
-43,
-7,
-117,
-4,
-3,
-2,
0,
-1,
-104,
-4,
-11,
-25,
-60,
-2,
0,
-86,
-76,
-17,
-160,
-31,
-6,
0,
0,
-216,
-90,
0,
-155,
0,
-34,
-81,
-48,
-4,
-34,
-1,
-35,
-8,
-2,
0,
0,
-18,
-2,
0,
-5,
-2,
-7,
0,
-15,
-65,
0,
0,
-13,
-161,
-104,
-21,
0,
-12,
-1,
-57,
-28,
-83,
-23,
-75,
0,
-90,
-102,
0,
-110,
-10,
-112,
-1,
-111,
0,
-41,
-217,
0,
-16,
-31,
0,
-48,
-51,
-4,
-1,
-7,
-4,
-62,
-2,
-106,
0,
-220,
0,
-11,
-102,
-185,
-16,
-8,
-4,
-8,
0,
-225,
-2,
-1,
0,
-1,
-8,
-1,
-204,
-2,
-98,
-47,
0,
-6,
-8,
0,
0,
0,
-4,
-3,
-14,
-52,
-1,
-6,
-1,
-83,
-4,
-4,
-7,
-171,
-249,
0,
-24,
-12,
-2,
-1,
0,
-1,
0,
-4,
0,
-12,
-140,
-4,
-9,
-5,
-8,
-7,
-2,
-1,
-1,
-102,
-33,
-81,
0,
-1,
-47,
-29,
-12,
-56,
-76,
-3,
0,
0,
-13,
-4,
-14,
-37,
-101,
-1,
-1,
0,
-4,
0,
-13,
-4,
-4,
-42,
-4,
-28,
0,
0,
0,
-35,
-52,
-114,
-172,
0,
-1,
-10,
-1,
0,
-9,
-1,
-8,
-98,
-1,
-12,
-1,
-12,
0,
-81,
-9,
-4,
-113,
-8,
-4,
-20,
-22,
-124,
-18,
-5,
-3,
-11,
-125,
0,
-50,
-81,
-58,
0,
-7,
0,
-100,
-9,
-6,
-10,
-9,
-5,
0,
0,
-25,
-1,
-12,
-28,
-5,
-8,
-30,
-11,
-189,
0,
-5,
-10,
0,
-53,
-3,
0,
0,
-2,
-150,
-2,
0,
-14,
-250,
-47,
-33,
-2,
-56,
-95,
-41,
-156,
-11,
-1,
-15,
0,
0,
-109,
0,
-1,
-2,
-14,
0,
-20,
-2,
-191,
-2,
-38,
-36,
-4,
-5,
-4,
-10,
-15,
-4,
-59,
-6,
-8,
0,
-55,
-144,
-150,
-4,
-4,
-3,
0,
-48,
0,
0,
-2,
-39,
-82,
-152,
-6,
0,
-178,
-25,
-26,
-254,
-67,
-2,
-5,
-3,
-46,
-9,
-14,
0,
-49,
-1,
-105,
-8,
0,
0,
-4,
-16,
0,
-78,
-6,
-7,
-3,
-12,
-26,
-53,
-14,
-48,
-6,
-5,
-2,
-1,
0,
-3,
0,
-115,
-19,
-196,
-238,
-127,
-3,
-114,
0,
-1,
-172,
-151,
-61,
-203,
-3,
-2,
-2,
-4,
-152,
-71,
-1,
-1,
-174,
-1,
-240,
-3,
-2,
-14,
0,
-116,
-44,
-193,
-17,
-5,
-223,
-2,
-6,
0,
-29,
-34,
-11,
-15,
-1,
-34,
-86,
-34,
0,
-1,
-91,
-165,
-1,
-35,
0,
-11,
-5,
0,
-6,
-25,
-6,
-3,
-21,
-70,
-6,
0,
0,
-1,
-4,
-1,
-2,
-7,
-99,
-59,
-216,
-1,
-1,
-6,
-13,
-219,
-236,
-57,
-1,
-8,
0,
-22,
-58,
-64,
-1,
-5,
-6,
-91,
-16,
0,
-10,
-38,
-50,
-30,
-28,
-37,
-123,
-28,
-17,
-1,
-175,
-7,
-83,
-5,
-237,
-158,
-22,
-46,
-28,
0,
-3,
-16,
-56,
0,
-230,
-33,
0,
-53,
-37,
-75,
-6,
-3,
-55,
-10,
-1,
-4,
-149,
-1,
0,
-241,
0,
-37,
0,
-1,
-15,
0,
0,
0,
0,
-18,
-4,
0,
-1,
-20,
-29,
-78,
0,
-2,
-7,
0,
-4,
-17,
-40,
0,
-184,
0,
-155,
0,
-27,
-1,
-32,
-19,
-34,
-21,
-78,
-1,
0,
-1,
-126,
-2,
-239,
-163,
-96,
0,
-143,
-87,
-141,
0,
-62,
-15,
-2,
-248,
-1,
0,
-12,
-1,
-13,
-4,
0,
-140,
0,
-7,
-1,
-35,
-6,
-50,
-29,
-210,
-19,
-2,
-13,
-1,
0,
0,
0,
-15,
-12,
-192,
0,
-172,
-6,
-4,
-1,
-14,
-3,
-9,
-57,
-17,
-14,
-77,
-11,
0,
-9,
-28,
-3,
-19,
-36,
-105,
-12,
0,
-24,
0,
0,
-4,
-30,
0,
-8,
-40,
-3,
-90,
-1,
-1,
-1,
-1,
-45,
-1,
0,
-190,
-189,
-5,
-16,
-42,
-7,
-251,
-6,
-14,
-136,
-219,
0,
-81,
-5,
-19,
-50,
0,
-225,
-2,
-30,
-6,
-6,
-3,
-99,
-8,
-139,
-7,
-58,
-15,
-10,
-8,
-1,
-63,
-2,
-150,
-73,
-2,
-11,
-1,
-28,
-50,
-199,
-19,
-3,
-200,
-153,
-2,
-8,
-3,
-38,
-2,
-20,
-2,
-188,
-31,
0,
-1,
-11,
-182,
0,
-16,
-3,
-78,
0,
-69,
-58,
-152,
-20,
-8,
-2,
-33,
-41,
-1,
0,
0,
-4,
-66,
-3,
-2,
-70,
-2,
-26,
-14,
-83,
-111,
-13,
-25,
-95,
-2,
-249,
-43,
-36,
-17,
0,
0,
-14,
-17,
-216,
-1,
0,
-25,
-10,
-142,
-18,
-156,
-52,
-225,
-6,
-71,
-3,
-1,
0,
-201,
0,
-113,
-4,
0,
-4,
-2,
-2,
-13,
-120,
-31,
-49,
-2,
-88,
0,
-44,
-36,
-25,
-4,
-85,
-79,
-1,
-42,
-24,
-17,
-39,
-10,
-6,
-34,
-97,
0,
-201,
-5,
-172,
-56,
-219,
-6,
-70,
-27,
-1,
-5,
0,
0,
-68,
-178,
-14,
0,
0,
-2,
-35,
0,
-17,
-40,
-6,
-189,
-83,
-80,
-12,
-30,
0,
-33,
-2,
-31,
-19,
-2,
0,
-7,
-6,
-14,
-221,
-8,
-44,
0,
-2,
-46,
-90,
-189,
-23,
-1,
-75,
-101,
-25,
-195,
0,
-40,
-185,
-35,
0,
-20,
-1,
-10,
-1,
-1,
-12,
-19,
-1,
-139,
-8,
-5,
-239,
-97,
-87,
-21,
-144,
0,
-1,
0,
-206,
-14,
0,
-21,
-24,
-2,
-212,
-49,
0,
-1,
-4,
-8,
-5,
-50,
-29,
0,
-181,
-117,
0,
-43,
-86,
-3,
0,
0,
-4,
-48,
-1,
-12,
-7,
0,
-8,
-16,
-1,
-91,
-10,
-91,
-8,
0,
0,
-16,
-2,
-4,
-3,
-218,
-148,
-82,
-31,
-38,
0,
-5,
-40,
-18,
-5,
-78,
-27,
-18,
-12,
-4,
-1,
-92,
-55,
-33,
-6,
0,
-42,
0,
-206,
-30,
-39,
-3,
0,
-2,
0,
-18,
-2,
-110,
0,
-2,
-94,
0,
-71,
-1,
-2,
-50,
-99,
-9,
-78,
-3,
-1,
-15,
-1,
-9,
-4,
-25,
-14,
-27,
-151,
-2,
-8,
-4,
-14,
-25,
0,
-45,
-4,
-122,
-210,
-86,
-3,
-57,
0,
-4,
-87,
-164,
-6,
-7,
-62,
-1,
-20,
0,
-2,
0,
-2,
-56,
-4,
-21,
-40,
-24,
-4,
-53,
-135,
-24,
-22,
0,
-3,
-2,
-5,
0,
-83,
-191,
-7,
-60,
-98,
-1,
-5,
-7,
-4,
-10,
0,
-163,
-243,
-59,
-34,
0,
-123,
-178,
-5,
-34,
0,
-13,
-6,
-3,
-12,
-8,
-126,
0,
-119,
-53,
0,
-28,
0,
-4,
-222,
-10,
-22,
-4,
0,
-98,
0,
-9,
0,
-98,
-129,
-8,
-4,
-48,
-140,
-155,
-18,
-6,
-49,
-2,
-5,
-14,
-1,
-19,
-73,
-146,
-17,
-1,
-29,
-195,
0,
-155,
-36,
-126,
-3,
-43,
0,
-226,
-10,
0,
-42,
-2,
-1,
-10,
-17,
-1,
-15,
-1,
-144,
0,
-8,
-148,
-222,
-1,
-7,
-132,
-24,
-20,
-89,
-30,
-92,
-205,
0,
-15,
-151,
0,
0,
0,
-15,
-255,
-13,
-181,
-206,
-14,
-3,
-207,
-9,
-160,
-1,
0,
-68,
0,
-23,
-70,
-47,
0,
0,
-2,
0,
-209,
-4,
-1,
-25,
-1,
-36,
-5,
-3,
0,
-11,
-4,
-43,
-2,
-141,
-1,
-80,
0,
-30,
-6,
-110,
-248,
-35,
0,
-113,
-70,
-1,
-27,
-225,
-75,
-13,
-29,
-5,
-188,
-95,
-2,
0,
-16,
-42,
-6,
-109,
-7,
-184,
-64,
-6,
-22,
-1,
0,
0,
-80,
-33,
-45,
-2,
-129,
-11,
0,
0,
-12,
-39,
0,
-197,
-28,
-57,
-1,
0,
0,
-249,
-2,
-120,
-87,
-87,
-5,
-100,
-4,
0,
-28,
-11,
-8,
-30,
-79,
-69,
0,
-172,
-3,
0,
-6,
-51,
-9,
0,
-27,
-2,
-51,
0,
-5,
-7,
-157,
-40,
-3,
-104,
-1,
-209,
0,
-32,
-110,
-15,
-3,
-86,
-1,
-6,
-59,
-45,
-129,
-19,
-6,
-16,
-22,
-17,
-160,
-116,
0,
-69,
-1,
-3,
-10,
-36,
-10,
-1,
-10,
-1,
0,
-2,
-1,
-249,
-92,
-92,
-13,
-70,
-5,
-1,
-45,
-55,
-47,
-11,
-8,
-16,
-7,
-91,
-47,
-101,
-55,
-206,
-17,
-109,
-32,
0,
-8,
-31,
-184,
-130,
0,
0,
-54,
-39,
0,
-98,
-35,
-1,
-96,
-196,
-2,
-47,
-152,
-3,
-246,
-207,
-38,
-2,
-64,
0,
-5,
-41,
-171,
0,
-29,
-3,
-45,
-32,
0,
-59,
-25,
0,
0,
-4,
-34,
-1,
-18,
-112,
0,
-16,
-107,
0,
-5,
-9,
-14,
-5,
0,
-23,
-1,
-114,
-5,
0,
0,
-10,
0,
0,
-25,
-16,
-48,
-1,
-2,
-117,
-62,
-16,
0,
-43,
-20,
-108,
-196,
-3,
-12,
-1,
-3,
-28,
0,
0,
-1,
0,
-62,
-3,
-28,
-99,
-29,
-176,
-40,
-56,
-220,
-8,
-3,
-146,
0,
-8,
-57,
-21,
-48,
-71,
-120,
-34,
-3,
-251,
0,
-200,
-40,
-1,
0,
-22,
-15,
-49,
-63,
-1,
-12,
-6,
-31,
-17,
-6,
-1,
-90,
0,
-1,
-4,
-25,
-17,
0,
-2,
-216,
0,
0,
-51,
-44,
0,
-1,
-2,
-3,
0,
-2,
-40,
-4,
-247,
-2,
-20,
-2,
-1,
0,
-1,
0,
-5,
-16,
-23,
0,
-92,
-62,
-3,
-1,
-22,
-21,
-55,
-2,
-7,
-19,
-14,
-3,
-4,
-7,
-11,
0,
-22,
-18,
-1,
-1,
-79,
-15,
-1,
-184,
-1,
0,
-4,
0,
-128,
-13,
-1,
0,
0,
-8,
-80,
-6,
-2,
-53,
-9,
-26,
-5,
-2,
-1,
-8,
-117,
-1,
0,
-3,
-8,
-48,
-96,
0,
-11,
-14,
-45,
-159,
-102,
-78,
-214,
-1,
-5,
-4,
-53,
0,
-5,
-2,
0,
-26,
-33,
0,
-82,
-112,
-20,
-22,
-35,
-105,
-20,
-14,
-3,
-252,
-2,
-218,
-154,
-2,
-34,
0,
-8,
-5,
-45,
-133,
-23,
0,
-48,
-69,
-5,
-2,
-1,
-82,
-26,
-30,
-6,
-3,
-54,
-33,
-1,
-150,
-218,
0,
-183,
-11,
-5,
0,
-6,
-2,
-22,
-37,
0,
-6,
-69,
-189,
-7,
-15,
-33,
-40,
-1,
-51,
-21,
0,
-10,
0,
0,
-6,
-89,
-13,
-70,
-1,
-85,
-7,
-58,
-106,
-209,
-198,
-3,
-4,
-150,
0,
-3,
-23,
-29,
-6,
-1,
-2,
-109,
-193,
0,
-7,
-175,
-170,
-1,
-8,
-2,
-3,
-17,
-226,
-2,
-1,
-1,
-125,
-1,
-137,
0,
-39,
-35,
-1,
-1,
-159,
0,
-4,
-18,
-40,
-1,
-68,
-19,
0,
-22,
-121,
-68,
-1,
-2,
-94,
-172,
-55,
0,
-1,
0,
-51,
-16,
-51,
-13,
-2,
-13,
-4,
-1,
-16,
-46,
-2,
-47,
-12,
0,
-1,
0,
-7,
0,
-115,
-207,
-55,
-44,
-20,
-30,
0,
-20,
-95,
-172,
-213,
-27,
-9,
-90,
-149,
0,
-3,
0,
-9,
-7,
0,
-2,
-180,
-2,
-43,
-254,
-122,
-126,
-1,
-49,
-40,
-16,
-4,
-1,
-26,
-35,
-238,
0,
-13,
-4,
-32,
-60,
-8,
-1,
-5,
-229,
-1,
-4,
-39,
-4,
-10,
0,
-189,
-1,
-1,
0,
-65,
-16,
-230,
-5,
0,
-93,
-19,
0,
-8,
0,
-72,
-28,
0,
-98,
-112,
-2,
0,
-11,
0,
-9,
-104,
-119,
-189,
0,
-22,
-23,
0,
-7,
-106,
0,
-119,
-143,
-62,
-23,
-2,
-146,
0,
-1,
-13,
-80,
-1,
-54,
-3,
-125,
-1,
-1,
-82,
-145,
-43,
0,
-101,
-8,
-25,
-1,
0,
0,
0,
-128,
-39,
0,
-16,
-4,
-109,
-3,
-2,
-25,
-3,
-49,
-8,
-43,
-24,
-32,
-2,
-1,
-6,
-16,
-75,
-59,
-8,
-4,
-5,
-2,
-2,
0,
-31,
0,
-20,
-2,
-15,
-7,
-67,
-27,
-25,
0,
0,
-2,
-4,
0,
-11,
0,
-3,
-1,
-2,
-2,
-9,
-2,
-20,
-27,
-20,
-109,
-6,
-3,
-7,
-189,
-28,
0,
-136,
-96,
-46,
-250,
0,
-59,
-2,
-12,
-71,
-9,
-104,
-9,
-2,
-2,
-1,
-11,
-2,
-6,
-148,
0,
0,
-6,
-15,
-1,
-14,
-2,
-1,
-3,
-4,
-101,
-252,
-226,
-1,
-182,
-4,
0,
-30,
-81,
-1,
-30,
-5,
-2,
-20,
-24,
0,
0,
0,
-51,
0,
-11,
-2,
0,
-11,
-4,
-111,
-100,
-3,
0,
-187,
-1,
-88,
-34,
-33,
-17,
-12,
-40,
-12,
-13,
-20,
-8,
-254,
-8,
0,
-8,
-5,
-1,
-71,
0,
-6,
-197,
0,
-2,
-23,
-106,
0,
-21,
-1,
-8,
-1,
-78,
-2,
-138,
-67,
-74,
-167,
-16,
-6,
0,
-81,
-1,
0,
-1,
-8,
-12,
-1,
-12,
0,
0,
-32,
-11,
-10,
-4,
-19,
-10,
-2,
-3,
-78,
0,
-35,
0,
-3,
-15,
-5,
-16,
-147,
-1,
-176,
-2,
-46,
0,
0,
0,
-47,
0,
-4,
-75,
-7,
0,
-74,
-1,
-46,
-185,
-234,
-9,
-1,
-1,
-41,
-5,
-129,
-20,
-8,
-19,
-92,
-154,
-29,
-20,
-2,
-10,
-167,
0,
-10,
-32,
-28,
-5,
0,
-191,
-1,
-201,
-96,
-3,
-177,
0,
-17,
-1,
-49,
-7,
-2,
-104,
-3,
-25,
-4,
-45,
-24,
-2,
-80,
-61,
0,
-3,
-2,
-11,
-30,
-10,
-1,
-10,
-193,
-7,
-40,
0,
-3,
-159,
-6,
-9,
-12,
-21,
-7,
-1,
0,
-69,
-71,
0,
0,
-101,
-18,
-59,
-5,
-13,
-196,
-2,
-1,
-48,
-93,
-79,
0,
-56,
-2,
0,
-27,
0,
-9,
-4,
-76,
-58,
0,
-28,
-123,
-25,
-9,
-8,
-89,
-4,
-13,
-4,
-74,
0,
0,
-6,
-4,
-1,
-85,
-6,
-25,
-6,
-41,
-27,
-1,
-1,
-40,
-11,
-174,
-2,
0,
0,
-6,
-72,
-1,
-9,
0,
0,
-2,
-2,
0,
-4,
0,
0,
-5,
0,
0,
-111,
-2,
-1,
-1,
-6,
-77,
-110,
-2,
0,
-24,
-48,
-202,
-28,
-48,
-46,
-12,
0,
0,
-181,
-37,
-88,
-10,
0,
-65,
-32,
0,
-131,
0,
-24,
-15,
0,
-63,
-1,
-42,
-21,
-33,
-65,
-1,
0,
-10,
-2,
-5,
-13,
-4,
-11,
-53,
0,
-7,
-21,
-170,
-3,
0,
-103,
-3,
-8,
0,
-28,
-135,
-17,
-202,
-27,
-4,
0,
-5,
-69,
-8,
-46,
-37,
-4,
0,
0,
-134,
-14,
-1,
-27,
-6,
-1,
0,
-20,
-219,
-8,
-23,
0,
-2,
-1,
-244,
-8,
-1,
-223,
0,
-6,
-5,
-160,
-88,
-18,
-168,
-10,
-28,
-147,
-14,
-35,
-5,
0,
-1,
-37,
0,
0,
-9,
-7,
-49,
-116,
-49,
0,
-50,
-24,
-4,
-5,
0,
-4,
-244,
-2,
-2,
0,
-6,
-1,
-28,
-198,
-67,
-4,
-15,
-76,
-79,
-22,
-25,
-254,
-102,
-18,
-34,
-2,
-101,
-1,
-163,
-22,
-191,
-12,
-28,
-38,
-10,
-93,
-3,
-12,
-4,
0,
-46,
0,
-51,
-198,
-5,
-22,
-185,
-1,
-3,
-88,
0,
-1,
0,
-5,
0,
-4,
-24,
-1,
-110,
-25,
-229,
-171,
0,
-8,
-6,
-2,
-169,
-17,
-43,
0,
-3,
-138,
-31,
-181,
-1,
-4,
-83,
-86,
-34,
0,
-3,
-145,
-12,
-74,
-1,
-24,
-82,
0,
-2,
-34,
-5,
-3,
-196,
-3,
-3,
-9,
0,
-2,
0,
-20,
-1,
0,
0,
-1,
-2,
-7,
0,
-26,
-9,
-46,
-3,
-1,
-1,
-8,
-21,
-8,
0,
-82,
-12,
-111,
-31,
0,
-10,
-19,
-3,
-18,
-203,
-40,
-3,
-28,
-132,
-5,
-11,
-86,
-65,
-1,
-41,
-1,
-2,
-40,
-13,
-7,
-9,
0,
-55,
-21,
-191,
-12,
-7,
0,
-8,
-19,
-22,
-26,
-7,
-2,
-248,
-2,
-2,
0,
-59,
-75,
-139,
-20,
-253,
-7,
0,
-20,
-4,
0,
0,
-97,
-111,
-17,
-2,
-6,
-74,
-27,
-1,
-7,
0,
-93,
-96,
-36,
-1,
-1,
-152,
-44,
-7,
-1,
0,
0,
-11,
0,
-13,
0,
-1,
-13,
-32,
-4,
-10,
-136,
-12,
-95,
-8,
-92,
0,
-9,
0,
-77,
0,
0,
0,
0,
-194,
-26,
-28,
-55,
-6,
-41,
-1,
-1,
-100,
-92,
0,
-195,
-71,
-1,
0,
-11,
-60,
-6,
0,
-110,
-1,
-2,
-140,
0,
0,
-1,
0,
-1,
-110,
-51,
0,
-21,
-16,
-122,
-79,
-31,
-174,
0,
-47,
-14,
-148,
-35,
-121,
-11,
-41,
0,
0,
-25,
-8,
-65,
-13,
-5,
-158,
-235,
-4,
-11,
-1,
-51,
0,
0,
-79,
-1,
-150,
-1,
-19,
-209,
-83,
-99,
0,
-39,
0,
-24,
-9,
0,
-2,
-4,
-41,
-23,
-18,
-5,
0,
-31,
-39,
0,
-54,
0,
-14,
-168,
-2,
-14,
-9,
-3,
-162,
-3,
-1,
-3,
0,
-198,
-2,
-4,
0,
-16,
-14,
0,
-32,
-1,
0,
0,
-9,
-7,
-2,
0,
-3,
0,
-58,
-41,
-7,
-74,
0,
-41,
-8,
0,
-18,
0,
-2,
0,
-148,
-4,
-1,
0,
0,
-1,
-1,
-85,
-21,
-17,
-8,
-12,
-14,
-133,
-183,
-187,
-8,
-172,
-30,
-61,
-4,
-50,
-193,
-127,
-3,
-14,
-252,
-13,
-4,
-30,
-156,
-6,
-2,
-7,
-233,
-23,
0,
-2,
-108,
-82,
0,
-5,
-13,
-76,
-118,
0,
-16,
0,
-67,
-98,
-41,
-101,
-28,
-98,
-3,
-1,
-58,
-48,
-1,
-1,
-66,
-1,
-16,
0,
0,
-58,
-51,
0,
-24,
-85,
0,
-75,
-157,
-4,
-20,
-8,
-125,
-207,
-61,
-42,
-24,
0,
-1,
-9,
-10,
0,
-56,
-3,
-12,
-21,
-44,
-4,
-73,
-67,
-152,
0,
-90,
0,
0,
-13,
-167,
-73,
-185,
-144,
-8,
0,
-85,
-75,
-12,
-134,
-105,
0,
-97,
-105,
-74,
0,
0,
-210,
-89,
-221,
-10,
-1,
-7,
-3,
-7,
0,
-65,
-113,
-106,
-6,
-123,
-4,
-14,
-65,
0,
-3,
-79,
-33,
-24,
-152,
-1,
-75,
-134,
-47,
-153,
0,
-57,
-18,
-253,
-26,
-1,
-201,
0,
-1,
0,
-187,
-1,
-5,
0,
-2,
-1,
-1,
-1,
0,
-7,
-191,
0,
-28,
-47,
-2,
-20,
-13,
-8,
-7,
0,
-250,
0,
-22,
0,
-27,
-46,
-51,
-13,
-144,
-36,
-2,
-6,
-119,
-27,
-3,
-4,
-3,
-14,
-3,
-7,
-23,
-1,
-6,
-141,
-50,
-8,
-99,
-69,
-2,
-5,
-43,
0,
-157,
0,
-27,
-32,
-43,
-9,
-14,
-1,
0,
-9,
-2,
-23,
-84,
-4,
-18,
-2,
-2,
-1,
-103,
-10,
-5,
-14,
-52,
-67,
-9,
-201,
0,
-1,
0,
-246,
-2,
0,
0,
-88,
-2,
-237,
-1,
-12,
-20,
0,
-1,
0,
0,
-137,
-1,
-201,
0,
-22,
-12,
-129,
-42,
-170,
-3,
-48,
-41,
-37,
0,
-11,
-1,
-5,
-216,
-1,
-5,
-14,
0,
0,
-8,
-46,
-1,
0,
-37,
-24,
-1,
-2,
-35,
-3,
-87,
-21,
0,
-6,
-170,
-47,
-26,
-5,
-24,
-93,
-5,
0,
-1,
-1,
-41,
-39,
0,
-8,
0,
-27,
-19,
-25,
0,
0,
-28,
-1,
0,
-4,
-8,
-5,
-196,
-161,
-2,
-9,
-183,
-3,
-36,
-139,
-10,
-1,
-75,
-48,
-8,
-222,
-3,
-1,
-1,
-2,
-13,
-9,
-1,
-32,
-19,
-52,
-3,
-141,
-25,
-9,
-16,
-3,
-11,
-26,
-19,
0,
-202,
-54,
-102,
-2,
-194,
-1,
-57,
-4,
-1,
-18,
-27,
-127,
-136,
-18,
-15,
-23,
-6,
-1,
-20,
-104,
0,
-64,
-7,
-1,
-47,
0,
-76,
-35,
-5,
-228,
-9,
-1,
-80,
-47,
-33,
-1,
0,
-110,
-3,
-50,
-56,
-14,
-25,
-13,
-219,
-1,
-158,
-4,
0,
0,
-6,
-5,
-3,
-88,
-7,
-93,
-187,
-1,
-23,
-3,
-72,
-13,
-63,
-5,
0,
0,
-56,
-34,
0,
-153,
-9,
-7,
-13,
-32,
0,
-6,
-13,
-1,
-65,
-2,
-2,
-10,
-8,
-28,
-10,
0,
-6,
0,
-35,
-3,
-6,
-27,
-27,
-5,
0,
-40,
-31,
-121,
-1,
-20,
-64,
-6,
0,
-11,
-1,
0,
-27,
-69,
0,
0,
-1,
-2,
-3,
-63,
-12,
-57,
-2,
-6,
-51,
-4,
-239,
-2,
-18,
-17,
-112,
-71,
-132,
-15,
-168,
-48,
-6,
-5,
-8,
0,
-3,
-66,
-7,
-39,
0,
-146,
-80,
-8,
-11,
-3,
-15,
-102,
-195,
-4,
-200,
0,
-119,
-255,
0,
-7,
0,
-236,
-13,
-9,
-1,
-1,
-88,
-26,
-31,
-30,
-2,
-11,
0,
-1,
-3,
-2,
-24,
-7,
-9,
-10,
-197,
-60,
0,
-40,
-15,
-13,
-16,
-19,
0,
0,
-4,
-20,
-36,
-2,
0,
-1,
-47,
-17,
-7,
-246,
-1,
-4,
-211,
-91,
-3,
0,
-6,
0,
-151,
0,
0,
-35,
-253,
-11,
-122,
-80,
-20,
-1,
-6,
-18,
-100,
-2,
-98,
0,
-11,
0,
-105,
-16,
-28,
-28,
0,
-3,
-14,
-2,
-7,
-17,
-1,
-167,
-150,
-5,
-34,
-111,
-2,
-2,
-7,
-1,
-17,
-163,
-2,
-24,
-134,
-31,
-68,
-23,
0,
-47,
0,
-16,
0,
-2,
-10,
-10,
-239,
0,
-35,
-6,
-15,
0,
-6,
-1,
0,
-34,
-255,
-73,
-65,
-9,
0,
-109,
-4,
0,
-2,
-244,
-7,
-16,
-50,
-13,
-12,
-1,
-8,
-10,
-36,
-4,
-19,
0,
0,
-151,
0,
-2,
-2,
-6,
-4,
-45,
-21,
-35,
-1,
-77,
-202,
-46,
-16,
-3,
-10,
-43,
-15,
-36,
-32,
0,
-7,
-64,
-89,
0,
-48,
-239,
-61,
-43,
0,
-166,
-184,
-99,
-30,
-44,
0,
-38,
-29,
-57,
-242,
-20,
-127,
-1,
-37,
-25,
-4,
-11,
-2,
-7,
-17,
-5,
0,
-5,
-28,
-62,
-14,
0,
-33,
-4,
0,
0,
-1,
-22,
-60,
0,
-39,
-4,
-29,
-3,
-71,
0,
-3,
-1,
-1,
-63,
-103,
-76,
0,
-10,
-3,
-12,
-16,
-26,
-13,
-14,
-24,
-7,
-196,
-39,
-5,
0,
-152,
0,
-9,
-35,
-11,
-54,
-38,
-3,
-6,
-29,
-7,
-6,
-44,
-8,
-2,
-66,
-3,
0,
-6,
0,
-221,
0,
0,
-24,
-14,
-2,
-30,
-1,
-74,
-7,
-131,
0,
0,
-3,
-42,
-13,
0,
0,
-125,
0,
0,
0,
-2,
-1,
0,
-126,
-4,
-25,
0,
-2,
-1,
-5,
-252,
-242,
0,
0,
-2,
-190,
0,
-3,
-180,
-51,
0,
-46,
0,
-40,
-66,
-1,
-8,
0,
-2,
-35,
-44,
-89,
-137,
-30,
-1,
-81,
-6,
-8,
-97,
-3,
-2,
0,
-19,
0,
-63,
-248,
0,
0,
0,
-15,
-8,
0,
0,
-199,
-159,
-5,
-95,
-5,
-4,
-2,
-113,
-169,
-13,
-126,
-2,
-3,
-2,
-6,
-36,
0,
-6,
-50,
-3,
-16,
-15,
0,
-219,
-2,
-19,
-15,
-38,
-32,
-115,
0,
-1,
-228,
0,
-5,
-67,
0,
-195,
-32,
0,
-2,
-25,
-1,
0,
-2,
-114,
0,
-1,
-5,
-139,
-40,
-15,
0,
-73,
0,
-171,
-5,
-165,
-22,
-75,
-65,
-42,
-8,
-191,
-2,
-48,
-144,
-181,
-69,
-4,
-2,
-41,
-9,
-1,
-42,
-16,
-1,
-8,
-6,
-9,
-5,
-65,
-10,
-32,
-99,
0,
-175,
0,
-115,
-70,
-89,
-4,
-10,
-2,
-10,
-150,
-4,
0,
-50,
0,
-48,
-4,
-7,
-8,
-181,
-125,
-39,
-5,
-55,
-1,
-41,
-27,
-4,
-3,
-1,
-49,
0,
-35,
0,
-93,
-67,
-9,
-6,
-9,
-10,
-21,
-1,
-102,
-5,
-9,
-2,
-4,
-59,
-23,
-80,
-21,
0,
-3,
-179,
0,
-4,
0,
-11,
-41,
-15,
-3,
-47,
-24,
0,
-1,
0,
-25,
-1,
-43,
-36,
-49,
-3,
-105,
-54,
0,
-7,
-64,
-9,
-1,
-74,
-174,
-162,
-2,
-34,
0,
-12,
-17,
0,
-15,
-131,
0,
-6,
-204,
0,
-13,
-3,
-7,
0,
-87,
-85,
-45,
-152,
-127,
-11,
-59,
-80,
-6,
-71,
0,
-4,
-41,
-6,
-145,
-8,
-1,
-2,
-125,
-26,
-29,
-9,
-98,
-1,
-4,
0,
0,
-13,
-81,
-1,
-5,
-6,
-176,
-3,
-5,
-4,
-44,
-39,
-6,
-18,
-14,
-7,
-225,
-10,
-9,
-41,
-39,
-17,
-30,
-155,
-28,
-111,
-3,
-59,
0,
-189,
-7,
-2,
-7,
-101,
0,
-157,
-1,
-47,
-27,
-3,
-56,
-7,
-1,
-5,
-2,
-40,
-37,
-238,
-9,
-75,
0,
-5,
0,
-15,
-77,
-29,
-8,
-10,
-102,
-56,
-10,
0,
-32,
-56,
-27,
-92,
-11,
-9,
-1,
0,
0,
-208,
-98,
-8,
-57,
-19,
-7,
-35,
-95,
-39,
-12,
-74,
-9,
-1,
0,
-36,
0,
-1,
-1,
-1,
-5,
0,
-9,
-1,
-13,
-246,
-128,
-41,
-3,
-53,
-43,
-83,
-35,
-72,
-16,
-1,
0,
-188,
-2,
-4,
-5,
-85,
-32,
-84,
-11,
-8,
0,
-4,
-78,
-159,
-186,
-118,
-21,
-19,
-27,
-17,
-3,
-9,
-1,
-16,
-88,
-7,
-5,
-54,
-25,
-30,
-207,
0,
0,
0,
0,
-84,
0,
-1,
-12,
-29,
-249,
-149,
0,
-11,
-12,
-52,
-147,
0,
-100,
-1,
-10,
-124,
-3,
-4,
-115,
0,
-1,
-176,
-5,
-52,
-3,
0,
-73,
-7,
-16,
-105,
0,
-4,
-2,
0,
-1,
-5,
-203,
-180,
-6,
0,
-72,
-57,
-7,
-129,
-2,
0,
-20,
-6,
-176,
-8,
0,
-16,
0,
-29,
-12,
-8,
-14,
-10,
-1,
-103,
0,
-34,
-36,
-82,
0,
-1,
-3,
-10,
-227,
-87,
-5,
-1,
0,
-63,
-43,
-2,
-11,
-5,
0,
-10,
-3,
-11,
0,
-238,
-218,
-5,
-50,
-2,
0,
-14,
-23,
-2,
-4,
0,
-4,
-1,
-3,
0,
-48,
-1,
-163,
-5,
-97,
-136,
-174,
-1,
-130,
-4,
0,
-9,
0,
-1,
0,
-10,
-45,
-35,
0,
-1,
-92,
-44,
-76,
-17,
-2,
-51,
-3,
-1,
-152,
-18,
-2,
-13,
-1,
0,
-151,
-109,
-69,
-125,
-52,
-2,
-10,
-224,
0,
-1,
-132,
-10,
-19,
-8,
-103,
-127,
-8,
-3,
-5,
-46,
-2,
-1,
-5,
-134,
0,
-8,
-61,
-67,
0,
-108,
-22,
-38,
-10,
-239,
-32,
-150,
-1,
-3,
-218,
-135,
-4,
-108,
-222,
-143,
-92,
-7,
-1,
-80,
-2,
-3,
0,
-18,
-12,
-22,
0,
-4,
-1,
0,
-1,
0,
-24,
-8,
0,
-1,
0,
-5,
-23,
-56,
-4,
-7,
-33,
-15,
-3,
-48,
-4,
-13,
-4,
-23,
-25,
-83,
-4,
-52,
-82,
-89,
-17,
-23,
-17,
-18,
-88,
-1,
-184,
-91,
-113,
-5,
-133,
-1,
-38,
0,
0,
-3,
-80,
-10,
-94,
-138,
-23,
-18,
-2,
-4,
-75,
-100,
-2,
-135,
0,
-48,
0,
-18,
-1,
-5,
-46,
-99,
-229,
-22,
-63,
-44,
-3,
-195,
-29,
-5,
-101,
-56,
-26,
-229,
-1,
0,
0,
-30,
-59,
-159,
0,
-5,
0,
-3,
0,
-5,
-21,
0,
0,
-169,
0,
-135,
-4,
-22,
0,
-18,
-42,
-7,
-2,
-8,
0,
-48,
-75,
0,
0,
-3,
-1,
-1,
-125,
-24,
0,
-57,
-23,
-53,
-21,
-9,
0,
-201,
-18,
-4,
-33,
-85,
0,
-4,
-13,
-184,
0,
-1,
-1,
-34,
-5,
-3,
-29,
-1,
-194,
-85,
-84,
-85,
-88,
-13,
-25,
-4,
-17,
-7,
0,
0,
-81,
-3,
-219,
-80,
-8,
-15,
-12,
-175,
0,
-206,
-22,
-6,
-5,
0,
-47,
-78,
0,
-7,
-65,
-3,
-19,
0,
-3,
-1,
-15,
-13,
-16,
0,
0,
-133,
-2,
-7,
0,
-61,
-68,
0,
-128,
-45,
-37,
0,
-15,
0,
-20,
0,
-8,
-1,
-7,
-26,
-144,
-43,
0,
-34,
-64,
-11,
0,
-25,
-168,
-21,
-1,
0,
-192,
0,
0,
-125,
-8,
-6,
-9,
-170,
-173,
-182,
-95,
-4,
-38,
-1,
-13,
-16,
0,
-13,
-3,
-8,
0,
-133,
-30,
-73,
-22,
-32,
-45,
-6,
0,
-7,
0,
-14,
-104,
-4,
-143,
0,
-6,
-7,
-19,
-68,
-3,
-24,
-3,
-11,
0,
-69,
-2,
0,
-77,
-71,
-5,
-7,
-2,
-34,
-14,
-1,
-24,
-2,
0,
-126,
-139,
-25,
-11,
-41,
-10,
0,
-52,
-1,
0,
-117,
-2,
-2,
0,
-151,
-21,
-3,
-37,
-119,
-9,
-64,
-5,
-152,
-1,
0,
-9,
0,
0,
-182,
-11,
-1,
-6,
-11,
0,
-22,
-9,
-35,
-2,
-142,
0,
-5,
-89,
-236,
-3,
-3,
-2,
-13,
0,
-1,
-19,
0,
-112,
-109,
-134,
-14,
-64,
-1,
-8,
-33,
-27,
-72,
0,
-34,
-2,
-1,
-241,
-55,
-10,
-9,
-4,
0,
0,
-131,
-221,
0,
-52,
0,
-1,
-24,
0,
-36,
-1,
-110,
-49,
0,
-33,
-11,
-5,
-91,
-1,
0,
-232,
-11,
-1,
-1,
-6,
-1,
-31,
-79,
-89,
-10,
-149,
-2,
-36,
-48,
-6,
-1,
-3,
-11,
-16,
0,
-81,
-136,
-1,
0,
-24,
-57,
-79,
-39,
-219,
-11,
-3,
-23,
-1,
-34,
-187,
-240,
-136,
-14,
-23,
-12,
-17,
0,
-26,
-2,
-4,
-255,
-9,
-90,
-28,
-1,
0,
-2,
0,
-164,
-137,
-228,
-4,
-6,
-62,
0,
-45,
-224,
-14,
-5,
-20,
-1,
-6,
-16,
-12,
-10,
-6,
-9,
-25,
-108,
-8,
-21,
-64,
-17,
-30,
-68,
-1,
-1,
-24,
0,
0,
-105,
0,
-19,
-3,
-189,
-2,
-182,
-39,
-251,
-103,
-5,
-1,
-53,
-1,
-20,
-60,
-96,
-27,
-4,
-1,
0,
-23,
-1,
0,
-252,
-29,
-2,
-106,
-5,
-22,
-14,
-71,
-3,
0,
-25,
-108,
-7,
-3,
-15,
-201,
-2,
-13,
0,
-2,
-55,
-16,
0,
-167,
-13,
-1,
-1,
-1,
-41,
-111,
0,
-1,
-65,
-30,
-47,
-17,
-58,
-219,
-250,
0,
-1,
-7,
-50,
0,
-5,
-73,
-86,
-84,
-161,
-15,
-5,
-90,
-5,
-28,
-16,
-5,
-9,
-28,
-1,
-14,
-185,
0,
-1,
-38,
-46,
-134,
0,
-1,
-1,
-7,
-2,
-3,
-111,
0,
-2,
0,
-69,
-171,
-10,
-4,
-127,
-3,
-2,
-1,
-237,
-5,
-204,
-1,
-59,
0,
-4,
-44,
-231,
-40,
-10,
-215,
-33,
-6,
-234,
-139,
-22,
-4,
-48,
-31,
-207,
-25,
-3,
-9,
-113,
-1,
-2,
0,
-111,
-18,
0,
-83,
-18,
-6,
-1,
-185,
0,
-1,
-157,
-16,
-1,
-3,
-29,
-166,
-7,
0,
-212,
-2,
-113,
-98,
-202,
-44,
-5,
-108,
0,
-66,
-16,
-21,
-25,
-8,
-3,
-9,
-6,
-1,
-63,
0,
-15,
-109,
-230,
0,
-12,
-41,
-57,
-6,
-12,
0,
-203,
0,
-179,
-2,
-27,
0,
-2,
-109,
-51,
-45,
-189,
-22,
-209,
-58,
-2,
-2,
-93,
0,
-6,
-17,
-101,
-2,
-34,
0,
-7,
-2,
-166,
-11,
-133,
0,
0,
-1,
-85,
-1,
-25,
0,
-26,
-58,
0,
-37,
-10,
-17,
0,
-67,
0,
-106,
-6,
-246,
-23,
0,
-61,
-54,
0,
-26,
-19,
-4,
-2,
-197,
-245,
0,
-1,
-29,
-16,
-12,
-95,
-9,
-189,
0,
0,
-1,
-30,
-44,
0,
0,
-25,
-24,
-1,
-4,
0,
-1,
-3,
-28,
-16,
-64,
-5,
-153,
-2,
-39,
-203,
-2,
-34,
-77,
-14,
-242,
0,
0,
0,
-85,
-68,
-139,
-14,
0,
-237,
-4,
-38,
-10,
-6,
-5,
-5,
0,
-17,
-14,
-1,
-5,
-169,
-2,
0,
-203,
-167,
-34,
0,
-13,
-11,
-78,
-21,
-8,
0,
-16,
-226,
-78,
-113,
0,
-27,
-207,
-1,
0,
-16,
-37,
-3,
0,
-143,
-209,
-1,
-1,
-4,
-1,
-2,
-2,
0,
-1,
-1,
-24,
-2,
-11,
-1,
-142,
-8,
-15,
-7,
-233,
-116,
-4,
0,
-1,
-15,
-122,
0,
-221,
-4,
0,
0,
-4,
-10,
0,
-13,
-4,
-1,
-17,
-7,
-4,
0,
-5,
0,
-2,
-2,
-3,
-13,
-40,
-10,
-26,
-4,
0,
-20,
-19,
-19,
-107,
-3,
0,
-6,
-5,
-4,
-1,
-7,
-101,
-9,
-131,
-11,
-78,
-7,
-32,
-7,
-74,
-4,
-8,
0,
-13,
-7,
-5,
-18,
-193,
-21,
-222,
0,
-3,
-8,
-47,
-1,
0,
-24,
-121,
-13,
-130,
-76,
0,
0,
-23,
0,
-17,
0,
-1,
0,
-7,
-1,
-3,
-13,
-82,
-7,
-37,
-1,
-21,
-214,
-1,
-16,
-234,
-19,
0,
-7,
-14,
-15,
-18,
-40,
-22,
0,
-11,
-76,
-8,
-7,
-123,
0,
-215,
0,
0,
-29,
0,
-40,
-46,
-16,
-46,
-4,
-28,
-201,
-84,
-26,
-27,
-37,
-43,
0,
-88,
-22,
-63,
-161,
-15,
-28,
-13,
-108,
0,
-2,
-2,
-5,
0,
-9,
-11,
-99,
-195,
-196,
-16,
-1,
0,
-1,
0,
-4,
-14,
-8,
-26,
-25,
-1,
-59,
-24,
-122,
-2,
-98,
