2839,
8,
952,
345,
598,
26,
49,
54912,
16005,
33019,
13,
2,
2,
0,
330,
43303,
1,
825,
67,
4819,
58812,
164,
3392,
2912,
7774,
10002,
261,
20248,
2,
0,
51040,
2567,
2357,
2,
124,
0,
0,
32,
28,
12699,
47022,
13682,
712,
4,
6,
11998,
0,
1807,
4546,
2293,
6,
5215,
34631,
0,
55,
11901,
5398,
60729,
16754,
3,
42099,
2626,
1518,
6687,
96,
122,
11768,
195,
59655,
45789,
34,
0,
0,
0,
158,
47243,
57721,
4345,
194,
10,
20,
11160,
0,
0,
34,
1,
11427,
0,
19,
276,
25415,
13,
15112,
690,
22570,
0,
1062,
184,
206,
243,
39,
147,
2071,
23,
0,
2002,
3357,
670,
8,
52,
23327,
3,
0,
11,
18765,
17,
83,
1710,
65,
34,
1422,
3170,
19123,
487,
216,
20,
306,
47886,
721,
0,
1740,
876,
7823,
3196,
888,
21,
3559,
4,
1,
2309,
30005,
20,
270,
4,
1,
1639,
46,
563,
32774,
285,
6,
27,
9,
2994,
1,
11,
4,
17,
3913,
0,
1,
18635,
286,
0,
276,
0,
3,
16828,
32,
55598,
464,
646,
13,
223,
34392,
6,
22883,
0,
13,
1374,
15,
0,
7,
2,
642,
2734,
18,
827,
0,
146,
1,
2239,
88,
7962,
648,
1430,
106,
30,
12,
3349,
5,
2,
25881,
1713,
24796,
0,
4,
465,
43556,
26,
2,
1,
7994,
1392,
83,
151,
8973,
303,
513,
597,
43,
0,
1750,
2322,
0,
198,
1788,
6413,
2545,
29,
0,
32,
244,
39362,
1823,
1,
203,
20725,
3,
32,
1869,
0,
11,
126,
63,
4,
16,
463,
3,
42,
8,
299,
34,
20,
9835,
1406,
1,
30924,
15297,
11655,
55,
45,
260,
0,
0,
5448,
12,
2548,
74,
16,
9,
1,
2,
28,
9849,
10702,
11,
779,
171,
70,
11999,
8034,
0,
11,
10134,
82,
3198,
15483,
16,
53848,
8969,
4536,
38,
2,
12,
10,
0,
12,
8,
1,
5474,
42464,
5,
26165,
0,
47453,
65,
229,
0,
2,
11682,
10,
6,
2,
7230,
21,
298,
234,
327,
40,
2,
6,
44,
23736,
427,
15266,
1136,
185,
72,
1361,
0,
3,
3272,
28395,
52,
43,
0,
1,
271,
29434,
0,
25,
502,
37,
0,
4619,
0,
249,
50,
1376,
709,
8,
55,
61745,
16,
2,
92,
561,
1,
16073,
184,
275,
2028,
565,
31457,
43,
0,
3,
68,
1108,
2265,
33398,
36297,
769,
2542,
0,
2,
1,
32448,
3648,
4,
39074,
0,
6,
896,
5225,
37,
2,
513,
9372,
1414,
60,
61,
466,
6,
26073,
16,
9097,
0,
4457,
327,
258,
570,
11,
644,
0,
12114,
7567,
16,
97,
3172,
41295,
170,
2737,
96,
77,
8,
3281,
1735,
1,
3809,
111,
47786,
19,
6,
9549,
1485,
708,
0,
654,
9396,
13,
14,
352,
46,
4,
49753,
56,
0,
0,
5,
54,
1,
131,
2569,
3,
46391,
260,
247,
372,
9,
89,
0,
3452,
3,
1903,
4,
0,
43821,
150,
12658,
99,
21,
1772,
0,
20,
221,
499,
503,
0,
5,
537,
52319,
10,
11591,
182,
485,
0,
550,
49454,
3,
205,
1695,
46704,
9,
7049,
21,
76,
3,
15,
1245,
30,
746,
120,
456,
23,
147,
41,
730,
0,
0,
23699,
8,
6316,
1909,
12944,
0,
34040,
1165,
16685,
640,
631,
23332,
6532,
53,
11,
3156,
2,
0,
4,
60,
16422,
1,
34990,
19861,
19,
38,
147,
0,
2727,
1226,
204,
10239,
10134,
0,
9187,
7,
370,
12,
80,
23,
0,
77,
77,
43,
3,
5185,
3,
8,
237,
8,
46438,
84,
281,
9767,
1,
2,
623,
0,
60,
70,
272,
62,
3343,
236,
4943,
105,
1,
41,
172,
10811,
342,
15265,
694,
593,
2176,
24,
1132,
15468,
3780,
1,
1,
19,
451,
46,
2292,
1,
0,
7335,
541,
740,
128,
19,
0,
0,
342,
14932,
33619,
4,
0,
4,
1,
23610,
108,
21206,
3193,
1,
16,
0,
3057,
1,
19,
2946,
4364,
42,
445,
68,
19,
10969,
23,
0,
0,
46,
670,
60,
2833,
16,
10327,
568,
20,
992,
4,
777,
57113,
8,
473,
29741,
1,
5274,
2,
57488,
986,
15,
2795,
19,
5197,
25865,
63,
112,
196,
2951,
18,
8,
685,
22,
0,
44807,
42553,
9,
3,
0,
40,
54,
7,
25,
2391,
200,
2328,
19,
0,
16,
2,
3107,
21920,
1,
2,
1814,
608,
917,
4029,
3,
32124,
461,
1719,
4,
14383,
2,
0,
24784,
129,
3,
63,
93,
0,
8,
1952,
6293,
17,
5968,
12,
21,
36032,
38424,
6,
1,
8,
194,
1901,
1210,
63538,
139,
4,
7,
1,
25855,
4236,
19,
46,
42,
308,
1,
64,
22625,
4243,
43441,
1,
54,
1351,
2089,
622,
29,
7980,
548,
90,
1,
507,
1294,
355,
283,
1787,
22,
95,
0,
0,
1929,
22209,
29700,
0,
1,
60,
6960,
0,
16882,
408,
0,
47760,
339,
49,
31736,
2459,
180,
2,
243,
13079,
2808,
0,
917,
37,
6,
36,
113,
22530,
8941,
1677,
0,
57,
12699,
2415,
203,
34,
43017,
1,
1,
328,
12507,
5759,
5433,
4059,
500,
2485,
353,
6,
10,
0,
1,
15370,
4,
1341,
2383,
32,
25134,
15,
0,
6,
27,
994,
29,
4905,
2,
35,
900,
1000,
4,
1,
3031,
2143,
40704,
2306,
4393,
521,
0,
16086,
129,
8516,
7138,
266,
1457,
550,
52,
2,
14240,
1,
20,
34393,
32427,
50,
3,
150,
19276,
124,
30,
410,
0,
2783,
5,
9890,
0,
1151,
2454,
1649,
68,
551,
1146,
5563,
1436,
6,
0,
0,
296,
243,
2,
55397,
6,
13,
6057,
53990,
18474,
9,
12,
63115,
1,
221,
2,
895,
51203,
6584,
1,
13249,
14280,
858,
7191,
60355,
0,
9267,
5063,
0,
51,
1,
1034,
24,
321,
3461,
15,
105,
0,
1,
12,
92,
43,
37584,
32744,
7,
58,
13328,
5752,
14,
177,
32,
59,
4458,
8221,
925,
10562,
21,
18795,
3452,
28503,
249,
4549,
194,
1569,
65,
74,
38375,
176,
10032,
54,
40,
0,
18,
1,
1052,
2901,
15,
2,
2191,
1,
7605,
1000,
22,
0,
1941,
302,
44,
58,
66,
7646,
15033,
48437,
829,
15264,
4,
49670,
3520,
8,
2032,
162,
0,
128,
9,
0,
31,
528,
11,
1435,
223,
1421,
1,
2335,
214,
4,
230,
280,
64669,
1192,
98,
23,
1,
1719,
7811,
112,
10,
13810,
189,
25,
9298,
3,
46112,
55,
41,
217,
7612,
9,
7,
12626,
830,
2007,
6350,
542,
28148,
-2839,
-8,
-952,
-345,
-598,
-26,
-49,
-54912,
-16005,
-33019,
-13,
-2,
-2,
0,
-330,
-43303,
-1,
-825,
-67,
-4819,
-58812,
-164,
-3392,
-2912,
-7774,
-10002,
-261,
-20248,
-2,
0,
-51040,
-2567,
-2357,
-2,
-124,
0,
0,
-32,
-28,
-12699,
-47022,
-13682,
-712,
-4,
-6,
-11998,
0,
-1807,
-4546,
-2293,
-6,
-5215,
-34631,
0,
-55,
-11901,
-5398,
-60729,
-16754,
-3,
-42099,
-2626,
-1518,
-6687,
-96,
-122,
-11768,
-195,
-59655,
-45789,
-34,
0,
0,
0,
-158,
-47243,
-57721,
-4345,
-194,
-10,
-20,
-11160,
0,
0,
-34,
-1,
-11427,
0,
-19,
-276,
-25415,
-13,
-15112,
-690,
-22570,
0,
-1062,
-184,
-206,
-243,
-39,
-147,
-2071,
-23,
0,
-2002,
-3357,
-670,
-8,
-52,
-23327,
-3,
0,
-11,
-18765,
-17,
-83,
-1710,
-65,
-34,
-1422,
-3170,
-19123,
-487,
-216,
-20,
-306,
-47886,
-721,
0,
-1740,
-876,
-7823,
-3196,
-888,
-21,
-3559,
-4,
-1,
-2309,
-30005,
-20,
-270,
-4,
-1,
-1639,
-46,
-563,
-32774,
-285,
-6,
-27,
-9,
-2994,
-1,
-11,
-4,
-17,
-3913,
0,
-1,
-18635,
-286,
0,
-276,
0,
-3,
-16828,
-32,
-55598,
-464,
-646,
-13,
-223,
-34392,
-6,
-22883,
0,
-13,
-1374,
-15,
0,
-7,
-2,
-642,
-2734,
-18,
-827,
0,
-146,
-1,
-2239,
-88,
-7962,
-648,
-1430,
-106,
-30,
-12,
-3349,
-5,
-2,
-25881,
-1713,
-24796,
0,
-4,
-465,
-43556,
-26,
-2,
-1,
-7994,
-1392,
-83,
-151,
-8973,
-303,
-513,
-597,
-43,
0,
-1750,
-2322,
0,
-198,
-1788,
-6413,
-2545,
-29,
0,
-32,
-244,
-39362,
-1823,
-1,
-203,
-20725,
-3,
-32,
-1869,
0,
-11,
-126,
-63,
-4,
-16,
-463,
-3,
-42,
-8,
-299,
-34,
-20,
-9835,
-1406,
-1,
-30924,
-15297,
-11655,
-55,
-45,
-260,
0,
0,
-5448,
-12,
-2548,
-74,
-16,
-9,
-1,
-2,
-28,
-9849,
-10702,
-11,
-779,
-171,
-70,
-11999,
-8034,
0,
-11,
-10134,
-82,
-3198,
-15483,
-16,
-53848,
-8969,
-4536,
-38,
-2,
-12,
-10,
0,
-12,
-8,
-1,
-5474,
-42464,
-5,
-26165,
0,
-47453,
-65,
-229,
0,
-2,
-11682,
-10,
-6,
-2,
-7230,
-21,
-298,
-234,
-327,
-40,
-2,
-6,
-44,
-23736,
-427,
-15266,
-1136,
-185,
-72,
-1361,
0,
-3,
-3272,
-28395,
-52,
-43,
0,
-1,
-271,
-29434,
0,
-25,
-502,
-37,
0,
-4619,
0,
-249,
-50,
-1376,
-709,
-8,
-55,
-61745,
-16,
-2,
-92,
-561,
-1,
-16073,
-184,
-275,
-2028,
-565,
-31457,
-43,
0,
-3,
-68,
-1108,
-2265,
-33398,
-36297,
-769,
-2542,
0,
-2,
-1,
-32448,
-3648,
-4,
-39074,
0,
-6,
-896,
-5225,
-37,
-2,
-513,
-9372,
-1414,
-60,
-61,
-466,
-6,
-26073,
-16,
-9097,
0,
-4457,
-327,
-258,
-570,
-11,
-644,
0,
-12114,
-7567,
-16,
-97,
-3172,
-41295,
-170,
-2737,
-96,
-77,
-8,
-3281,
-1735,
-1,
-3809,
-111,
-47786,
-19,
-6,
-9549,
-1485,
-708,
0,
-654,
-9396,
-13,
-14,
-352,
-46,
-4,
-49753,
-56,
0,
0,
-5,
-54,
-1,
-131,
-2569,
-3,
-46391,
-260,
-247,
-372,
-9,
-89,
0,
-3452,
-3,
-1903,
-4,
0,
-43821,
-150,
-12658,
-99,
-21,
-1772,
0,
-20,
-221,
-499,
-503,
0,
-5,
-537,
-52319,
-10,
-11591,
-182,
-485,
0,
-550,
-49454,
-3,
-205,
-1695,
-46704,
-9,
-7049,
-21,
-76,
-3,
-15,
-1245,
-30,
-746,
-120,
-456,
-23,
-147,
-41,
-730,
0,
0,
-23699,
-8,
-6316,
-1909,
-12944,
0,
-34040,
-1165,
-16685,
-640,
-631,
-23332,
-6532,
-53,
-11,
-3156,
-2,
0,
-4,
-60,
-16422,
-1,
-34990,
-19861,
-19,
-38,
-147,
0,
-2727,
-1226,
-204,
-10239,
-10134,
0,
-9187,
-7,
-370,
-12,
-80,
-23,
0,
-77,
-77,
-43,
-3,
-5185,
-3,
-8,
-237,
-8,
-46438,
-84,
-281,
-9767,
-1,
-2,
-623,
0,
-60,
-70,
-272,
-62,
-3343,
-236,
-4943,
-105,
-1,
-41,
-172,
-10811,
-342,
-15265,
-694,
-593,
-2176,
-24,
-1132,
-15468,
-3780,
-1,
-1,
-19,
-451,
-46,
-2292,
-1,
0,
-7335,
-541,
-740,
-128,
-19,
0,
0,
-342,
-14932,
-33619,
-4,
0,
-4,
-1,
-23610,
-108,
-21206,
-3193,
-1,
-16,
0,
-3057,
-1,
-19,
-2946,
-4364,
-42,
-445,
-68,
-19,
-10969,
-23,
0,
0,
-46,
-670,
-60,
-2833,
-16,
-10327,
-568,
-20,
-992,
-4,
-777,
-57113,
-8,
-473,
-29741,
-1,
-5274,
-2,
-57488,
-986,
-15,
-2795,
-19,
-5197,
-25865,
-63,
-112,
-196,
-2951,
-18,
-8,
-685,
-22,
0,
-44807,
-42553,
-9,
-3,
0,
-40,
-54,
-7,
-25,
-2391,
-200,
-2328,
-19,
0,
-16,
-2,
-3107,
-21920,
-1,
-2,
-1814,
-608,
-917,
-4029,
-3,
-32124,
-461,
-1719,
-4,
-14383,
-2,
0,
-24784,
-129,
-3,
-63,
-93,
0,
-8,
-1952,
-6293,
-17,
-5968,
-12,
-21,
-36032,
-38424,
-6,
-1,
-8,
-194,
-1901,
-1210,
-63538,
-139,
-4,
-7,
-1,
-25855,
-4236,
-19,
-46,
-42,
-308,
-1,
-64,
-22625,
-4243,
-43441,
-1,
-54,
-1351,
-2089,
-622,
-29,
-7980,
-548,
-90,
-1,
-507,
-1294,
-355,
-283,
-1787,
-22,
-95,
0,
0,
-1929,
-22209,
-29700,
0,
-1,
-60,
-6960,
0,
-16882,
-408,
0,
-47760,
-339,
-49,
-31736,
-2459,
-180,
-2,
-243,
-13079,
-2808,
0,
-917,
-37,
-6,
-36,
-113,
-22530,
-8941,
-1677,
0,
-57,
-12699,
-2415,
-203,
-34,
-43017,
-1,
-1,
-328,
-12507,
-5759,
-5433,
-4059,
-500,
-2485,
-353,
-6,
-10,
0,
-1,
-15370,
-4,
-1341,
-2383,
-32,
-25134,
-15,
0,
-6,
-27,
-994,
-29,
-4905,
-2,
-35,
-900,
-1000,
-4,
-1,
-3031,
-2143,
-40704,
-2306,
-4393,
-521,
0,
-16086,
-129,
-8516,
-7138,
-266,
-1457,
-550,
-52,
-2,
-14240,
-1,
-20,
-34393,
-32427,
-50,
-3,
-150,
-19276,
-124,
-30,
-410,
0,
-2783,
-5,
-9890,
0,
-1151,
-2454,
-1649,
-68,
-551,
-1146,
-5563,
-1436,
-6,
0,
0,
-296,
-243,
-2,
-55397,
-6,
-13,
-6057,
-53990,
-18474,
-9,
-12,
-63115,
-1,
-221,
-2,
-895,
-51203,
-6584,
-1,
-13249,
-14280,
-858,
-7191,
-60355,
0,
-9267,
-5063,
0,
-51,
-1,
-1034,
-24,
-321,
-3461,
-15,
-105,
0,
-1,
-12,
-92,
-43,
-37584,
-32744,
-7,
-58,
-13328,
-5752,
-14,
-177,
-32,
-59,
-4458,
-8221,
-925,
-10562,
-21,
-18795,
-3452,
-28503,
-249,
-4549,
-194,
-1569,
-65,
-74,
-38375,
-176,
-10032,
-54,
-40,
0,
-18,
-1,
-1052,
-2901,
-15,
-2,
-2191,
-1,
-7605,
-1000,
-22,
0,
-1941,
-302,
-44,
-58,
-66,
-7646,
-15033,
-48437,
-829,
-15264,
-4,
-49670,
-3520,
-8,
-2032,
-162,
0,
-128,
-9,
0,
-31,
-528,
-11,
-1435,
-223,
-1421,
-1,
-2335,
-214,
-4,
-230,
-280,
-64669,
-1192,
-98,
-23,
-1,
-1719,
-7811,
-112,
-10,
-13810,
-189,
-25,
-9298,
-3,
-46112,
-55,
-41,
-217,
-7612,
-9,
-7,
-12626,
-830,
-2007,
-6350,
-542,
-28148,
